0 1.38106 0
1 1.33496 0.046102
2 1.39291 0.0637716
3 1.41539 0.0503855
4 1.43865 0.0454332
5 1.42343 0.0400969
6 1.44454 0.0399275
7 1.47674 0.0472454
8 1.47107 0.0420502
9 1.48735 0.0409843
10 1.50153 0.0396886
11 1.50775 0.036761
12 1.5149 0.0345631
13 1.49781 0.0362761
14 1.48678 0.0355266
15 1.48496 0.0332818
16 1.49048 0.0317461
17 1.48075 0.0314743
18 1.4872 0.0304635
19 1.4956 0.0300952
20 1.49383 0.0286809
21 1.49801 0.0276648
22 1.49255 0.0269936
23 1.48842 0.0261719
24 1.4904 0.0251809
25 1.49524 0.024672
26 1.49064 0.0241823
27 1.48664 0.0236427
28 1.48448 0.0229153
29 1.48596 0.0221879
30 1.48733 0.0215039
31 1.48559 0.0208936
32 1.49605 0.02279
33 1.49539 0.0221193
34 1.49119 0.0218843
35 1.48986 0.0213095
36 1.49553 0.0214877
37 1.49916 0.0212278
38 1.49767 0.0207302
39 1.49695 0.020218
40 1.49499 0.0198163
41 1.49628 0.0193818
42 1.49855 0.0190609
43 1.50058 0.0187336
44 1.50097 0.0183167
45 1.50251 0.0179798
46 1.50361 0.0176274
47 1.50652 0.0175006
48 1.51223 0.0180647
49 1.51135 0.0177216
50 1.50591 0.0182006
51 1.50487 0.017878
52 1.5045 0.0175413
53 1.50522 0.0172286
54 1.50603 0.0169317
55 1.509 0.0168897
56 1.50525 0.0170099
57 1.50238 0.0169575
58 1.50418 0.0167642
59 1.50417 0.0164824
60 1.50933 0.0170109
61 1.50952 0.0167354
62 1.51251 0.016736
63 1.51072 0.0165694
64 1.51009 0.0163246
65 1.5115 0.0161376
66 1.51027 0.0159425
67 1.50893 0.0157633
68 1.5134 0.0161632
69 1.51286 0.0159398
70 1.51493 0.0158493
71 1.51833 0.0159922
72 1.51718 0.0158135
73 1.51548 0.01569
74 1.51357 0.0155972
75 1.51306 0.015399
76 1.51141 0.0152875
77 1.51272 0.0151469
78 1.51156 0.0149982
79 1.50985 0.0149084
80 1.51222 0.0149128
81 1.50984 0.014921
82 1.51082 0.0147726
83 1.51271 0.014717
84 1.51271 0.0145428
85 1.51128 0.014444
86 1.51203 0.0142967
87 1.51201 0.0141333
88 1.51267 0.0139896
89 1.51107 0.0139265
90 1.51097 0.013773
91 1.51286 0.0137525
92 1.51563 0.0138833
93 1.51619 0.0137464
94 1.51441 0.0137163
95 1.51338 0.0136121
96 1.51283 0.0134822
97 1.51149 0.0134115
98 1.51175 0.013278
99 1.51393 0.0133242
