10 3.63064e-05
110 4.00558e-05
210 4.08759e-05
310 4.1465e-05
410 4.32884e-05
510 4.28599e-05
610 4.02609e-05
710 4.30476e-05
810 4.08219e-05
910 4.65992e-05
1010 4.58512e-05
1110 4.33124e-05
1210 4.25856e-05
1310 4.38883e-05
1410 4.3274e-05
1510 4.04375e-05
1610 4.14937e-05
1710 4.29884e-05
1810 4.04654e-05
1910 4.35067e-05
2010 4.64744e-05
2110 4.32955e-05
2210 4.60729e-05
2310 4.51767e-05
2410 4.18712e-05
2510 4.32988e-05
2610 4.81397e-05
2710 4.61476e-05
2810 4.35153e-05
2910 4.28781e-05
3010 4.40912e-05
3110 3.89129e-05
3210 4.57824e-05
3310 4.06923e-05
3410 5.0889e-05
3510 4.0276e-05
3610 4.48041e-05
3710 4.36272e-05
3810 4.32947e-05
3910 4.41773e-05
4010 5.17863e-05
4110 4.69835e-05
4210 4.1662e-05
4310 4.07152e-05
4410 5.27926e-05
4510 4.8206e-05
4610 4.37212e-05
4710 4.18482e-05
4810 4.361e-05
4910 4.63235e-05
