10 0.000420594
110 0.000841989
210 0.000955745
310 0.00101136
410 0.000976496
510 0.000986241
610 0.00100456
710 0.00100267
810 0.00102497
910 0.00101801
1010 0.00104067
1110 0.0010787
1210 0.00103172
1310 0.000971107
1410 0.000984056
1510 0.000970191
1610 0.000955255
1710 0.000999785
1810 0.00109549
1910 0.00103229
2010 0.000871831
2110 0.00112774
2210 0.000906964
2310 0.00113486
2410 0.000814893
2510 0.000996969
2610 0.000953526
2710 0.000905761
2810 0.000918733
2910 0.000884374
3010 0.000851678
3110 0.00087351
3210 0.000782357
3310 0.000927481
3410 0.00111469
3510 0.00094347
3610 0.000709347
3710 0.000947213
3810 0.000907925
3910 0.000756056
4010 0.000860079
4110 0.000757555
4210 0.000949777
4310 0.000921033
4410 0.000668779
4510 0.000948212
4610 0.000804684
4710 0.000797942
4810 0.000868417
4910 0.000772834
