0  1
1  0.886789
2  0.808046
3  0.74456
4  0.698875
5  0.663756
6  0.632434
7  0.610623
8  0.598823
9  0.584251
10  0.571933
11  0.554584
12  0.54596
13  0.535029
14  0.525834
15  0.50773
16  0.49262
17  0.478495
18  0.458987
19  0.449477
20  0.440128
21  0.437914
22  0.43577
23  0.438324
24  0.434086
25  0.42647
26  0.421623
27  0.422836
28  0.417369
29  0.421278
30  0.423845
31  0.419817
32  0.417103
33  0.410678
34  0.399725
35  0.400608
36  0.402405
37  0.415249
38  0.416097
39  0.415219
40  0.415295
41  0.411283
42  0.397979
43  0.389961
44  0.379383
45  0.369306
46  0.36195
47  0.352645
48  0.343119
49  0.341952
50  0.333348
51  0.330868
52  0.329635
53  0.325302
54  0.322762
55  0.328781
56  0.329007
57  0.328388
58  0.322642
59  0.318504
60  0.309129
61  0.30808
62  0.302189
63  0.307491
64  0.307491
65  0.304583
66  0.299649
67  0.305267
68  0.3114
69  0.309345
70  0.311001
71  0.307717
72  0.305366
73  0.307376
74  0.312539
75  0.316819
76  0.319229
77  0.326453
78  0.334675
79  0.338958
80  0.342484
81  0.343304
82  0.34105
83  0.326116
84  0.308649
85  0.292008
86  0.274856
87  0.264596
88  0.261468
89  0.259769
90  0.263179
91  0.256103
92  0.255475
93  0.25172
94  0.246671
95  0.249266
96  0.247085
97  0.24306
98  0.242374
99  0.233004
100  0.233446
101  0.233694
102  0.233867
103  0.236368
104  0.24614
105  0.252109
106  0.25013
107  0.250202
108  0.252045
109  0.255724
110  0.258936
111  0.264147
112  0.262761
113  0.25833
114  0.256239
115  0.259767
116  0.258807
117  0.267714
118  0.26916
119  0.277765
120  0.27656
121  0.271304
122  0.260604
123  0.256194
124  0.253273
125  0.250138
126  0.241857
127  0.238996
128  0.234755
129  0.24306
130  0.239503
131  0.247353
132  0.244838
133  0.251112
134  0.250415
135  0.235556
136  0.222561
137  0.212425
138  0.200389
139  0.192446
140  0.187463
141  0.190704
142  0.190823
143  0.188329
144  0.178982
145  0.165566
146  0.152534
147  0.149982
148  0.151521
149  0.15114
150  0.152072
151  0.154356
152  0.16371
153  0.163221
154  0.157819
155  0.152099
156  0.152637
157  0.151284
158  0.151087
159  0.145352
160  0.151492
161  0.15304
162  0.152757
163  0.152111
164  0.161836
165  0.165537
166  0.15856
167  0.147119
168  0.13878
169  0.138038
170  0.132182
171  0.128723
172  0.132004
173  0.135061
174  0.129699
175  0.132072
176  0.131498
177  0.140551
178  0.153015
179  0.149019
180  0.143792
181  0.134355
182  0.127373
183  0.116321
184  0.116043
185  0.117364
186  0.109006
187  0.103018
188  0.114695
189  0.112528
190  0.110987
191  0.113108
192  0.120661
193  0.124959
194  0.138871
195  0.129097
196  0.124968
197  0.121482
198  0.128688
199  0.129684
200  0.121044
201  0.111764
202  0.113588
203  0.11842
204  0.105981
205  0.102542
206  0.0984584
207  0.101749
208  0.0936004
209  0.0889596
210  0.0789546
211  0.0725058
212  0.0532921
213  0.0451691
214  0.0395602
215  0.0507194
216  0.0636801
217  0.0712466
218  0.0696634
219  0.0767227
220  0.0832198
221  0.0919378
222  0.0975679
223  0.0873667
224  0.0790314
225  0.0735574
226  0.0763761
227  0.0838265
228  0.0846578
229  0.0980957
230  0.115622
231  0.137458
232  0.156092
233  0.160141
234  0.164976
235  0.165877
236  0.169911
237  0.167974
238  0.159732
239  0.155907
240  0.161098
241  0.175695
242  0.181365
243  0.191039
244  0.182158
245  0.173515
246  0.171547
247  0.167712
248  0.168827
249  0.16074
250  0.163163
251  0.162226
252  0.162434
253  0.161826
254  0.162576
255  0.158054
256  0.146735
257  0.137784
258  0.136736
259  0.140511
260  0.148592
261  0.145132
262  0.144275
263  0.131139
264  0.125741
265  0.115896
266  0.110308
267  0.11416
268  0.119868
269  0.115719
270  0.125085
271  0.128728
272  0.130896
273  0.138648
274  0.143307
275  0.139911
276  0.139665
277  0.137858
278  0.135148
279  0.129275
280  0.128001
281  0.126773
282  0.133935
283  0.141603
284  0.162549
285  0.171147
286  0.166424
287  0.166873
288  0.164973
289  0.159825
290  0.158376
291  0.155545
292  0.159885
293  0.152518
294  0.152443
295  0.151925
296  0.158998
297  0.167811
298  0.166689
299  0.172563
300  0.184197
301  0.179177
302  0.16758
303  0.156774
304  0.142826
305  0.144686
306  0.152112
307  0.156772
308  0.165326
309  0.171565
310  0.166012
311  0.1784
312  0.182144
313  0.186944
314  0.191287
315  0.194896
316  0.19655
317  0.206358
318  0.208034
319  0.199601
320  0.18748
321  0.182323
322  0.19324
323  0.195013
324  0.190726
325  0.197166
326  0.206016
327  0.215418
328  0.214102
329  0.211484
330  0.213143
331  0.216488
332  0.213725
333  0.201726
334  0.193599
335  0.182375
336  0.175094
337  0.172392
338  0.171799
339  0.167271
340  0.168384
341  0.16873
342  0.162913
343  0.15105
344  0.14291
345  0.147047
346  0.147957
347  0.150631
348  0.157449
349  0.167532
350  0.175433
351  0.186308
352  0.193518
353  0.195474
354  0.192926
355  0.19552
356  0.189634
357  0.186118
358  0.189211
359  0.192964
360  0.199559
361  0.208819
362  0.210326
363  0.219143
364  0.227065
365  0.22788
366  0.235612
367  0.233129
368  0.242212
369  0.238635
370  0.234358
371  0.229464
372  0.230431
373  0.224394
374  0.218791
375  0.211004
376  0.213223
377  0.21108
378  0.209176
379  0.208228
380  0.200513
381  0.201374
382  0.21139
383  0.213359
384  0.219727
385  0.225181
386  0.216451
387  0.206341
388  0.202401
389  0.197011
390  0.189251
391  0.185862
392  0.178026
393  0.179335
394  0.172874
395  0.174316
396  0.177451
397  0.180247
398  0.179852
399  0.17729
400  0.164377
401  0.169715
402  0.15832
403  0.155707
404  0.148634
405  0.157571
406  0.159182
407  0.173809
408  0.177357
409  0.180266
410  0.179943
411  0.179987
412  0.167168
413  0.153919
414  0.141905
415  0.138175
416  0.133747
417  0.127464
418  0.131182
419  0.14345
420  0.148815
421  0.150679
422  0.153751
423  0.147642
424  0.14601
425  0.1531
426  0.163299
427  0.165898
428  0.164007
429  0.165891
430  0.162428
431  0.159283
432  0.147246
433  0.139523
434  0.13281
435  0.13743
436  0.151601
437  0.156339
438  0.156818
439  0.148664
440  0.13972
441  0.131294
442  0.122121
443  0.122581
444  0.106119
445  0.0881127
446  0.0811167
447  0.065254
448  0.064543
449  0.0636655
450  0.0658325
451  0.072556
452  0.0787887
453  0.0844211
454  0.0824292
455  0.0656018
456  0.0603003
457  0.0636703
458  0.0670884
459  0.077183
460  0.0799452
461  0.0738312
462  0.0629503
463  0.0556167
464  0.0607448
465  0.0621657
466  0.0621554
467  0.0515721
468  0.0353291
469  0.0261059
470  0.0222936
471  0.00639402
472  0.00816038
473  0.0143159
474  0.0170798
475  0.0148508
476  0.0134096
477  0.00733834
478  0.0125507
479  0.0039584
480  -0.00197332
481  0.00480267
482  0.00527435
483  0.0162582
484  0.0199733
485  0.0154921
486  0.0284073
487  0.0350599
488  0.032348
489  0.0376034
490  0.0444662
491  0.05418
492  0.0652639
493  0.0791798
494  0.0944641
495  0.1013
496  0.10773
497  0.124616
498  0.115658
499  0.121116
500  0.128858
501  0.139431
502  0.155135
503  0.166624
504  0.164223
505  0.165876
506  0.164372
507  0.159146
508  0.140646
509  0.119266
510  0.109323
511  0.103484
512  0.0908432
513  0.100123
514  0.101449
515  0.110232
516  0.147803
517  0.169872
518  0.183613
519  0.180623
520  0.174337
521  0.16296
522  0.15698
523  0.148545
524  0.145971
525  0.13912
526  0.139588
527  0.128803
528  0.129241
529  0.13135
530  0.141194
531  0.132601
532  0.127935
533  0.135443
534  0.124224
535  0.104258
536  0.086409
537  0.0819157
538  0.0801113
539  0.078922
540  0.0730901
541  0.0607776
542  0.050205
543  0.0582619
544  0.0554997
545  0.0502451
546  0.038918
547  0.0317412
548  0.0346596
549  0.0167091
550  -0.00852186
551  -0.0357922
552  -0.0472984
553  -0.0419911
554  -0.0215883
555  -0.00247435
556  0.020861
557  0.0318015
558  0.0455749
559  0.0520508
560  0.0683178
561  0.0839556
562  0.107286
563  0.113098
564  0.116104
565  0.104111
566  0.0829164
567  0.0610516
568  0.0582405
569  0.0637361
570  0.0809096
571  0.0795631
572  0.0778275
573  0.0741291
574  0.0692057
575  0.0684009
576  0.0714699
577  0.0730256
578  0.0499511
579  0.0391213
580  0.040066
581  0.028573
582  0.0188241
583  0.0187299
584  0.0257644
585  0.0355956
586  0.0204725
587  0.0117793
588  -0.00664884
589  -0.0105306
590  -0.0290541
591  -0.0432387
592  -0.0471401
593  -0.0385002
594  -0.0281011
595  -0.0152798
596  0.00119312
597  0.00414849
598  0.00210725
599  0.0133546
600  0.0247462
601  0.0400643
602  0.0394968
603  0.0461907
604  0.0426106
605  0.0383582
606  0.0251296
607  0.0351311
608  0.0425851
609  0.0356593
610  0.0406836
611  0.0452677
612  0.0621718
613  0.0839906
614  0.102722
615  0.109065
616  0.0972571
617  0.087963
618  0.0921314
619  0.0884977
620  0.0866086
621  0.0836084
622  0.0767717
623  0.0789925
624  0.100346
625  0.119283
626  0.135163
627  0.130078
628  0.142744
629  0.141704
630  0.13959
631  0.120172
632  0.110637
633  0.0968466
634  0.0817184
635  0.0694383
636  0.0774911
637  0.106029
638  0.120794
639  0.119355
640  0.102161
641  0.0910481
642  0.105482
643  0.0952912
644  0.0852666
645  0.0713616
646  0.0692161
647  0.0545339
648  0.0502712
649  0.043745
650  0.0382483
651  0.0381465
652  0.0401886
653  0.0501119
654  0.0523157
655  0.0394402
656  0.0354494
657  0.046089
658  0.052477
659  0.055804
660  0.0541684
661  0.0413131
662  0.0285922
663  0.0260897
664  0.014666
665  0.00513285
666  -0.0012764
667  0.00170041
668  -0.00221413
669  0.00202179
670  0.00114668
671  -0.0145531
672  -0.00764286
673  -0.00962751
674  -0.0120354
675  0.00938057
676  0.0140762
677  0.0370501
678  0.0582432
679  0.0823475
680  0.0935118
681  0.117349
682  0.128909
683  0.130729
684  0.117887
685  0.126379
686  0.129615
687  0.125477
688  0.115734
689  0.119462
690  0.116348
691  0.132696
692  0.115553
693  0.123968
694  0.118467
695  0.144474
696  0.159683
697  0.169388
698  0.167758
699  0.157303
700  0.141236
701  0.125747
702  0.100451
703  0.0920727
704  0.0790551
705  0.0825598
706  0.0861117
707  0.0867995
708  0.0848818
709  0.0772955
710  0.0752101
711  0.0686359
712  0.0727677
713  0.0834095
714  0.0793798
715  0.0692522
716  0.0613049
717  0.0352179
718  0.0476952
719  0.0491445
720  0.0546488
721  0.0642959
722  0.0548574
723  0.0500454
724  0.0454891
725  0.0593692
726  0.0612366
727  0.081053
728  0.0933739
729  0.0762448
730  0.0587671
731  0.0195443
732  0.0159304
733  0.0302359
734  0.0507494
735  0.0614039
736  0.0684625
737  0.0915744
738  0.0908932
739  0.0787285
740  0.0501671
741  0.0255385
742  0.0201486
743  0.0108734
744  0.0106355
745  0.0164919
746  0.0265255
747  0.0305649
748  0.0322326
749  0.0408853
750  0.0380401
751  0.024315
752  0.022429
753  0.0148258
754  0.0533023
755  0.0523462
756  0.056127
757  0.0725411
758  0.0946732
759  0.100208
760  0.103185
761  0.10518
762  0.100621
763  0.0800566
764  0.0507092
765  0.0324823
766  0.00296529
767  0.0112331
768  0.00139096
769  -0.00964709
770  0.00154601
771  0.0180531
772  -0.0061384
773  -0.00686012
774  -0.0105199
775  -0.0150085
776  -0.0343137
777  -0.0408054
778  -0.0506195
779  -0.0712456
780  -0.0684276
781  -0.0632832
782  -0.0765928
783  -0.0751212
784  -0.0845404
785  -0.120493
786  -0.133705
787  -0.156328
788  -0.188252
789  -0.205171
790  -0.18802
791  -0.144356
792  -0.109363
793  -0.0941848
794  -0.0722748
795  -0.0774963
796  -0.0855616
797  -0.097982
798  -0.0775585
799  -0.091579
800  -0.0901526
801  -0.115066
802  -0.105846
803  -0.100875
804  -0.0719262
805  -0.0637402
806  -0.0108749
807  0.0302577
808  0.0456715
809  0.0350599
810  0.050485
811  0.0331728
812  0.0407101
813  0.0235402
814  0.0211478
815  0.0334442
816  0.0525202
817  0.0691988
818  0.0715669
819  0.0493736
820  0.0307526
821  0.00710233
822  -0.00566345
823  -0.0090941
824  -0.0114808
825  -0.0303527
826  -0.0441968
827  -0.0495392
828  -0.0479424
829  -0.0214695
830  0.00311269
831  -0.00536635
832  -0.00719946
833  -0.0176845
834  -0.0295908
835  0.00285278
836  0.02569
837  0.0628724
838  0.0661951
839  0.079592
840  0.077528
841  0.059215
842  0.0549891
843  0.0327379
844  0.0562323
845  0.0940116
846  0.10904
847  0.162327
848  0.195567
849  0.22378
850  0.22007
851  0.222872
852  0.206788
853  0.183671
854  0.181686
855  0.2344
856  0.239804
857  0.233031
858  0.194968
859  0.183898
860  0.156586
861  0.184508
862  0.188584
863  0.196445
864  0.185152
865  0.153377
866  0.114172
867  0.0899355
868  0.0966206
869  0.088772
870  0.0619164
871  0.05078
872  0.0226143
873  0.034066
874  0.035284
875  0.0629599
876  0.0888773
877  0.0785726
878  0.0855536
879  0.106036
880  0.105828
881  0.115215
882  0.0851485
883  0.0415594
884  0.0583177
885  0.118444
886  0.150631
887  0.193145
888  0.230513
889  0.226963
890  0.238124
891  0.221525
892  0.226738
893  0.186558
894  0.17051
895  0.11122
896  0.0871872
897  0.0555528
898  0.0474445
899  0.0195072
900  -0.0225767
901  -0.103314
902  -0.164102
903  -0.234475
904  -0.282795
905  -0.323847
906  -0.370214
907  -0.374132
908  -0.386796
909  -0.436264
910  -0.417642
911  -0.368816
912  -0.320094
913  -0.260843
914  -0.223363
915  -0.185758
916  -0.139798
917  -0.154885
918  -0.145403
919  -0.107417
920  -0.0743279
921  -0.0328524
922  -0.0325781
923  0.00415439
924  0.032812
925  0.105891
926  0.157402
927  0.266806
928  0.318699
929  0.365945
930  0.397837
931  0.412967
932  0.405897
933  0.441986
934  0.414265
935  0.385164
936  0.362072
937  0.378836
938  0.372957
939  0.356536
940  0.346557
941  0.299926
942  0.302645
943  0.326847
944  0.251735
945  0.215477
946  0.189423
947  0.159825
948  0.190164
949  0.112536
950  0.0609471
951  0.029103
952  0.0209825
953  -0.0321363
954  -0.0276546
955  0.0563143
956  0.153941
957  0.145848
958  0.0289712
959  0.0823143
960  0.0966065
961  0.12034
962  0.144431
963  0.0940468
964  0.13393
965  0.15325
966  0.223224
967  0.27097
968  0.367414
969  0.522932
970  0.686361
971  0.786873
972  0.663856
973  0.633933
974  0.527775
975  0.487311
976  0.4571
977  0.358894
978  0.390069
979  0.412367
980  0.518513
981  0.500433
982  0.361756
983  0.32668
984  0.20566
985  0.0997816
986  -0.0985688
987  -0.336859
988  -0.51119
989  -0.486217
990  -0.480309
991  -0.54536
992  -0.369561
993  -0.473017
994  -0.232853
995  -0.297871
996  -0.463855
997  -0.0652632
998  0.106821
999  0
