0  1
1  0.870249
2  0.779195
3  0.70608
4  0.654788
5  0.616818
6  0.583752
7  0.558943
8  0.549255
9  0.536612
10  0.525206
11  0.506732
12  0.49837
13  0.487926
14  0.478961
15  0.460656
16  0.443171
17  0.42656
18  0.404211
19  0.393671
20  0.385784
21  0.382288
22  0.380171
23  0.383882
24  0.377916
25  0.368415
26  0.367092
27  0.371367
28  0.3651
29  0.36825
30  0.372738
31  0.370565
32  0.367749
33  0.361445
34  0.349939
35  0.35184
36  0.352362
37  0.366661
38  0.366243
39  0.366232
40  0.368352
41  0.365221
42  0.352458
43  0.345478
44  0.332084
45  0.318414
46  0.309253
47  0.302043
48  0.29323
49  0.295513
50  0.287119
51  0.284083
52  0.280732
53  0.275993
54  0.274544
55  0.284538
56  0.284267
57  0.283207
58  0.276821
59  0.273554
60  0.265022
61  0.264569
62  0.258905
63  0.266573
64  0.265298
65  0.263468
66  0.259881
67  0.26735
68  0.276799
69  0.275499
70  0.27576
71  0.266937
72  0.264288
73  0.269119
74  0.275638
75  0.282476
76  0.287716
77  0.294058
78  0.301336
79  0.304658
80  0.30828
81  0.305923
82  0.306295
83  0.291882
84  0.274898
85  0.256387
86  0.235
87  0.223277
88  0.221585
89  0.219147
90  0.22438
91  0.217498
92  0.2174
93  0.212547
94  0.205296
95  0.204859
96  0.201751
97  0.197791
98  0.195872
99  0.187355
100  0.190438
101  0.191351
102  0.195826
103  0.20422
104  0.215173
105  0.222469
106  0.22321
107  0.22375
108  0.226078
109  0.229763
110  0.232524
111  0.238667
112  0.235538
113  0.228005
114  0.221239
115  0.223643
116  0.222679
117  0.232833
118  0.23687
119  0.249166
120  0.247637
121  0.241474
122  0.226694
123  0.224402
124  0.222878
125  0.220921
126  0.21235
127  0.206185
128  0.199173
129  0.207502
130  0.204075
131  0.21473
132  0.211954
133  0.221148
134  0.220568
135  0.202855
136  0.186899
137  0.175741
138  0.164021
139  0.15882
140  0.157115
141  0.160003
142  0.161322
143  0.161757
144  0.154381
145  0.139397
146  0.125643
147  0.128338
148  0.134491
149  0.136288
150  0.137085
151  0.14174
152  0.154582
153  0.153894
154  0.146931
155  0.136795
156  0.135079
157  0.131368
158  0.130697
159  0.121358
160  0.126277
161  0.129267
162  0.130274
163  0.1313
164  0.143666
165  0.148435
166  0.142677
167  0.131364
168  0.11834
169  0.109784
170  0.0976654
171  0.0886777
172  0.0908711
173  0.0937589
174  0.0868479
175  0.0892412
176  0.0899083
177  0.0993428
178  0.112045
179  0.106837
180  0.0997166
181  0.087331
182  0.0801211
183  0.0705372
184  0.0716947
185  0.0744784
186  0.0685477
187  0.0641118
188  0.0791957
189  0.0786983
190  0.0788322
191  0.0845384
192  0.0958294
193  0.103825
194  0.121194
195  0.109554
196  0.10583
197  0.104046
198  0.115087
199  0.118976
200  0.111366
201  0.100077
202  0.104627
203  0.110715
204  0.0979192
205  0.0960658
206  0.0942997
207  0.103589
208  0.100566
209  0.0976444
210  0.0837073
211  0.0765858
212  0.0540981
213  0.0426822
214  0.0334616
215  0.0466476
216  0.0591612
217  0.067116
218  0.0670125
219  0.0754131
220  0.0812781
221  0.0951222
222  0.10229
223  0.0879604
224  0.074904
225  0.0685269
226  0.0703722
227  0.0793914
228  0.0812407
229  0.0950294
230  0.109834
231  0.132947
232  0.151301
233  0.152106
234  0.154803
235  0.152945
236  0.155803
237  0.154192
238  0.140495
239  0.131638
240  0.135906
241  0.153489
242  0.162789
243  0.173904
244  0.160558
245  0.147121
246  0.139604
247  0.135065
248  0.136123
249  0.128832
250  0.130605
251  0.126458
252  0.123427
253  0.119598
254  0.120014
255  0.115697
256  0.105847
257  0.102166
258  0.106216
259  0.110151
260  0.121702
261  0.11792
262  0.115506
263  0.0998686
264  0.0931232
265  0.0827152
266  0.0782757
267  0.0870054
268  0.0971579
269  0.0925604
270  0.103405
271  0.109784
272  0.116315
273  0.129049
274  0.13851
275  0.137711
276  0.134884
277  0.129028
278  0.123855
279  0.111327
280  0.107096
281  0.100987
282  0.107106
283  0.116036
284  0.144912
285  0.159902
286  0.156608
287  0.155615
288  0.152252
289  0.141366
290  0.134785
291  0.127899
292  0.131363
293  0.120253
294  0.122585
295  0.124231
296  0.13633
297  0.152682
298  0.156768
299  0.163712
300  0.173668
301  0.162604
302  0.148824
303  0.137965
304  0.122852
305  0.122767
306  0.126838
307  0.12945
308  0.139429
309  0.145012
310  0.1399
311  0.157902
312  0.166155
313  0.17339
314  0.181259
315  0.185856
316  0.187221
317  0.196643
318  0.195977
319  0.187296
320  0.171558
321  0.165976
322  0.17978
323  0.183128
324  0.1754
325  0.183329
326  0.192951
327  0.205226
328  0.20416
329  0.20201
330  0.203348
331  0.204364
332  0.201095
333  0.188091
334  0.181866
335  0.171055
336  0.15957
337  0.153466
338  0.15255
339  0.150676
340  0.155474
341  0.153792
342  0.148738
343  0.141205
344  0.131727
345  0.13677
346  0.141265
347  0.14546
348  0.150675
349  0.161061
350  0.170017
351  0.185715
352  0.203086
353  0.211251
354  0.209549
355  0.213305
356  0.207696
357  0.199895
358  0.198034
359  0.192389
360  0.19749
361  0.206934
362  0.209992
363  0.217525
364  0.222717
365  0.222025
366  0.232748
367  0.230596
368  0.240397
369  0.23889
370  0.236669
371  0.232357
372  0.229446
373  0.218036
374  0.210638
375  0.202591
376  0.207462
377  0.2053
378  0.203314
379  0.198716
380  0.18684
381  0.185145
382  0.19358
383  0.195519
384  0.198971
385  0.203857
386  0.192048
387  0.183163
388  0.18166
389  0.176558
390  0.172264
391  0.170332
392  0.165397
393  0.169661
394  0.161856
395  0.162733
396  0.166173
397  0.166789
398  0.165437
399  0.164127
400  0.146751
401  0.151365
402  0.138221
403  0.139081
404  0.130246
405  0.139845
406  0.139844
407  0.15812
408  0.162415
409  0.167198
410  0.16645
411  0.168899
412  0.147868
413  0.12785
414  0.113598
415  0.10991
416  0.101573
417  0.0959286
418  0.0959217
419  0.11021
420  0.118505
421  0.119239
422  0.120856
423  0.111571
424  0.108116
425  0.113682
426  0.125797
427  0.132965
428  0.133918
429  0.137345
430  0.130499
431  0.127704
432  0.112376
433  0.102193
434  0.0975299
435  0.107945
436  0.130508
437  0.14452
438  0.148552
439  0.141747
440  0.129836
441  0.114542
442  0.100249
443  0.094463
444  0.0788887
445  0.0627635
446  0.0611743
447  0.045183
448  0.0470753
449  0.0451173
450  0.0534383
451  0.0673638
452  0.0764372
453  0.0811846
454  0.0798201
455  0.0598151
456  0.0558194
457  0.0604789
458  0.0672292
459  0.0819553
460  0.087831
461  0.077062
462  0.0609317
463  0.0517784
464  0.0534734
465  0.0524326
466  0.054068
467  0.0406692
468  0.0222764
469  0.0147965
470  0.0156066
471  -0.000577062
472  -0.00059604
473  0.00580044
474  0.0082923
475  0.00585539
476  0.0103033
477  0.00634483
478  0.012739
479  0.00370895
480  -0.00305568
481  0.00179503
482  0.00100959
483  0.0150863
484  0.0181387
485  0.0130965
486  0.0270408
487  0.033506
488  0.0251704
489  0.028917
490  0.0337252
491  0.044753
492  0.059702
493  0.0722449
494  0.0889394
495  0.095606
496  0.10592
497  0.121998
498  0.106732
499  0.112694
500  0.119739
501  0.129725
502  0.144998
503  0.155715
504  0.153352
505  0.158064
506  0.159127
507  0.155264
508  0.127645
509  0.100132
510  0.0869155
511  0.0772102
512  0.0619886
513  0.0718045
514  0.0744556
515  0.0820509
516  0.120294
517  0.145361
518  0.162708
519  0.162789
520  0.162269
521  0.152791
522  0.144163
523  0.130607
524  0.12283
525  0.112677
526  0.110788
527  0.096072
528  0.0981584
529  0.108064
530  0.124908
531  0.117416
532  0.114153
533  0.126018
534  0.117746
535  0.0933852
536  0.0652266
537  0.0542323
538  0.0485821
539  0.0467414
540  0.0421206
541  0.0256454
542  0.0120208
543  0.0184766
544  0.0145714
545  0.0108046
546  0.000919671
547  -0.0051421
548  0.00331538
549  -0.0121222
550  -0.0400323
551  -0.0698754
552  -0.0829476
553  -0.0831304
554  -0.0632206
555  -0.0412096
556  -0.0187312
557  -0.0107333
558  0.00320525
559  0.0128413
560  0.0343634
561  0.0528601
562  0.0823014
563  0.0946776
564  0.0986934
565  0.0845906
566  0.060902
567  0.034799
568  0.0310134
569  0.0412369
570  0.0635412
571  0.0620256
572  0.0604238
573  0.0549395
574  0.0496311
575  0.0513103
576  0.0560147
577  0.0575914
578  0.0302397
579  0.0192325
580  0.0201342
581  0.00960103
582  -0.00276717
583  -0.00635362
584  0.00433806
585  0.0171547
586  0.00250937
587  -0.00673226
588  -0.0316676
589  -0.0381181
590  -0.0613172
591  -0.0817098
592  -0.0916613
593  -0.0824451
594  -0.070397
595  -0.055609
596  -0.0327054
597  -0.0241459
598  -0.0267707
599  -0.012855
600  -0.00318964
601  0.0101656
602  0.0108543
603  0.0205825
604  0.0180642
605  0.0144973
606  0.00135412
607  0.0101576
608  0.0162698
609  0.00562638
610  0.00333135
611  0.00358413
612  0.0201389
613  0.0455514
614  0.0681586
615  0.0752174
616  0.0612021
617  0.0501739
618  0.0542698
619  0.0485354
620  0.0442085
621  0.0340488
622  0.0226875
623  0.026152
624  0.0463061
625  0.063605
626  0.0832554
627  0.0750592
628  0.08133
629  0.0732308
630  0.0729327
631  0.0501433
632  0.037543
633  0.0261001
634  0.0132873
635  0.00703586
636  0.0255554
637  0.0617771
638  0.0830607
639  0.0891043
640  0.0766888
641  0.0611631
642  0.0757473
643  0.0643873
644  0.0590298
645  0.0513769
646  0.0539697
647  0.0344665
648  0.0329175
649  0.0290756
650  0.0255339
651  0.0225391
652  0.0215544
653  0.0309724
654  0.0344246
655  0.0175209
656  0.0101984
657  0.0180865
658  0.0188164
659  0.018902
660  0.0140269
661  -0.0036521
662  -0.0185934
663  -0.0166443
664  -0.0241853
665  -0.0320041
666  -0.0388003
667  -0.0365209
668  -0.0398188
669  -0.0388775
670  -0.0463587
671  -0.0728577
672  -0.0685313
673  -0.0766583
674  -0.0892359
675  -0.073922
676  -0.0713323
677  -0.0440916
678  -0.0183417
679  0.0104503
680  0.0258331
681  0.0568044
682  0.0737488
683  0.0765308
684  0.0565527
685  0.0652095
686  0.0695382
687  0.0667462
688  0.0526101
689  0.0486661
690  0.0331627
691  0.0495516
692  0.0279432
693  0.0333115
694  0.0292977
695  0.0642055
696  0.0868385
697  0.101942
698  0.103268
699  0.0971743
700  0.0811892
701  0.0660314
702  0.0376402
703  0.0240283
704  0.00778044
705  0.0151441
706  0.0136333
707  0.00955813
708  0.00544667
709  -0.00333467
710  -0.00519448
711  -0.00978569
712  0.00795793
713  0.0247081
714  0.0257799
715  0.0141961
716  0.00589343
717  -0.0170753
718  0.00115856
719  0.00434602
720  0.0147211
721  0.031882
722  0.0306938
723  0.039979
724  0.0433786
725  0.0599547
726  0.0681601
727  0.0943452
728  0.113109
729  0.0979857
730  0.0789825
731  0.0350698
732  0.0252816
733  0.0361172
734  0.0562325
735  0.0594335
736  0.0672009
737  0.0934025
738  0.0922099
739  0.0820252
740  0.0512552
741  0.0250388
742  0.0203379
743  0.013891
744  0.013194
745  0.0160896
746  0.023889
747  0.0307953
748  0.0364361
749  0.0478602
750  0.0506156
751  0.0410921
752  0.0382999
753  0.0234427
754  0.0597516
755  0.0543983
756  0.0545937
757  0.0705457
758  0.0862776
759  0.0844216
760  0.0911785
761  0.0968927
762  0.0985277
763  0.0817676
764  0.0484768
765  0.0272277
766  0.000390181
767  0.0110177
768  0.00491924
769  0.000698679
770  0.0176038
771  0.0335891
772  0.0089402
773  0.00744034
774  -0.000721882
775  -0.0041823
776  -0.0224801
777  -0.0233638
778  -0.0308092
779  -0.0484847
780  -0.0337499
781  -0.0206518
782  -0.0330934
783  -0.0381788
784  -0.0619736
785  -0.107166
786  -0.125318
787  -0.157966
788  -0.200635
789  -0.227126
790  -0.215747
791  -0.168567
792  -0.139084
793  -0.129717
794  -0.101769
795  -0.104746
796  -0.113072
797  -0.122123
798  -0.0907103
799  -0.104955
800  -0.0966902
801  -0.124887
802  -0.117954
803  -0.115619
804  -0.0845224
805  -0.0764943
806  -0.0177927
807  0.0293774
808  0.0447197
809  0.0274772
810  0.0371322
811  0.0195284
812  0.0427258
813  0.0301776
814  0.0294745
815  0.0389592
816  0.0539281
817  0.0752043
818  0.0818929
819  0.0552432
820  0.0296228
821  0.00749223
822  -0.00874454
823  -0.027187
824  -0.0361853
825  -0.0586961
826  -0.0659424
827  -0.0664955
828  -0.0567927
829  -0.0165929
830  0.0228841
831  0.0260373
832  0.0322189
833  0.0266509
834  0.0164205
835  0.0573785
836  0.0812149
837  0.121404
838  0.126087
839  0.13748
840  0.132592
841  0.108476
842  0.0960146
843  0.0753586
844  0.101724
845  0.14489
846  0.164249
847  0.228789
848  0.275211
849  0.31739
850  0.313769
851  0.313156
852  0.289734
853  0.251998
854  0.241839
855  0.29579
856  0.297094
857  0.300197
858  0.270495
859  0.266071
860  0.247085
861  0.281979
862  0.293833
863  0.297874
864  0.290564
865  0.252434
866  0.2131
867  0.180885
868  0.171813
869  0.142174
870  0.104066
871  0.0762851
872  0.0339011
873  0.0313881
874  0.0359346
875  0.0773679
876  0.116762
877  0.113692
878  0.123135
879  0.136717
880  0.135197
881  0.150095
882  0.112743
883  0.0704743
884  0.0880449
885  0.148468
886  0.190349
887  0.235364
888  0.272777
889  0.264776
890  0.278903
891  0.265915
892  0.267612
893  0.229537
894  0.202638
895  0.142787
896  0.127937
897  0.107763
898  0.108338
899  0.0834131
900  0.0384339
901  -0.0446071
902  -0.120405
903  -0.195862
904  -0.238705
905  -0.271409
906  -0.308829
907  -0.31449
908  -0.336104
909  -0.386124
910  -0.361998
911  -0.313746
912  -0.252779
913  -0.185404
914  -0.136393
915  -0.0761418
916  -0.0199344
917  -0.0346016
918  -0.0161446
919  0.0288349
920  0.0564589
921  0.0807561
922  0.0658349
923  0.10635
924  0.141522
925  0.200025
926  0.225832
927  0.318936
928  0.365013
929  0.397593
930  0.397675
931  0.397129
932  0.397977
933  0.445524
934  0.416306
935  0.372134
936  0.355785
937  0.35695
938  0.336613
939  0.301857
940  0.281885
941  0.222374
942  0.232509
943  0.250677
944  0.155559
945  0.110587
946  0.0876806
947  0.0637738
948  0.0998463
949  -0.00467538
950  -0.0662739
951  -0.0985698
952  -0.101591
953  -0.156858
954  -0.151699
955  -0.0415573
956  0.0764011
957  0.0679172
958  -0.055948
959  -0.0142449
960  0.0179161
961  0.0309217
962  0.0415603
963  -0.0290823
964  0.0317565
965  0.0720911
966  0.144
967  0.208513
968  0.309779
969  0.489769
970  0.67401
971  0.761571
972  0.624668
973  0.626028
974  0.511655
975  0.453624
976  0.39233
977  0.296633
978  0.331127
979  0.38996
980  0.48797
981  0.478839
982  0.397947
983  0.402079
984  0.343039
985  0.242751
986  -0.00305521
987  -0.291324
988  -0.501584
989  -0.534592
990  -0.578408
991  -0.627559
992  -0.422679
993  -0.481926
994  -0.273273
995  -0.344793
996  -0.454444
997  -0.0226348
998  0.0992555
999  0
