0.15 32.2597
0.22985 41.1054
0.22985 41.1054
0.3097 40.3601
0.3097 40.3601
0.38955 34.8387
0.38955 34.8387
0.4694 31.6633
0.54925 34.0981
0.54925 34.0981
0.6291 37.1226
0.6291 37.1226
0.70895 32.1085
0.70895 32.1085
0.7888 25.2277
0.7888 25.2277
0.86865 32.6015
0.86865 32.6015
0.9485 28.4665
1.02835 23.066
1.1082 23.2097
1.18805 23.4443
1.2679 30.4194
1.2679 30.4194
1.34775 24.289
1.4276 21.2346
1.4276 21.2346
1.50745 26.7418
1.50745 26.7418
1.5873 24.8995
1.66715 19.103
1.66715 19.103
1.747 19.2132
1.82685 18.7505
1.9067 21.1301
1.98655 17.7456
2.0664 18.1788
2.0664 18.1788
2.14625 20.1292
2.2261 16.9296
2.30595 13.3845
2.3858 14.0805
2.3858 14.0805
2.46565 15.484
2.46565 15.484
2.5455 14.6611
2.62535 13.3391
2.62535 13.3391
2.7052 13.0666
2.78505 15.0427
2.8649 12.3604
2.94475 12.9795
3.0246 15.042
3.0246 15.042
3.10445 14.2337
3.1843 13.3181
3.26415 11.513
3.344 15.1854
3.344 15.1854
3.42385 11.9483
3.5037 11.0511
3.5037 11.0511
3.58355 8.96806
3.6634 9.95104
3.74325 12.9721
3.8231 10.7933
3.90295 10.8073
3.9828 10.824
4.06265 10.233
4.1425 10.6349
4.22235 11.5831
4.3022 8.80442
4.38205 9.29187
4.4619 7.59993
4.54175 8.82442
4.6216 8.10679
4.6216 8.10679
4.70145 8.2555
4.7813 7.28316
4.86115 10.2572
4.941 8.06485
5.02085 7.7418
5.1007 7.86478
5.18055 8.38389
5.2604 7.98561
5.2604 7.98561
5.34025 6.92701
5.4201 9.10377
5.49995 7.76674
5.5798 7.50138
5.65965 8.75296
5.7395 8.47939
5.81935 7.52979
5.8992 7.40378
5.8992 7.40378
5.97905 6.61767
6.0589 7.03073
6.13875 7.98633
6.2186 7.65385
6.2186 7.65385
6.29845 8.12461
6.3783 7.31393
6.45815 7.64178
6.538 6.55667
6.61785 7.35863
6.6977 6.44673
6.77755 7.11655
6.8574 7.44874
6.93725 6.27589
7.0171 6.92345
7.09695 7.02915
7.1768 6.69088
7.25665 6.41615
7.3365 7.88013
7.41635 7.7124
7.4962 6.76602
7.57605 7.46362
7.6559 7.68134
7.73575 7.42776
7.8156 6.65871
7.89545 6.61277
7.9753 7.42025
8.05515 7.137
8.05515 7.137
8.135 6.91368
8.21485 7.15953
8.2947 6.92952
8.37455 6.49401
8.4544 6.52134
8.53425 6.45279
8.6141 6.89194
8.69395 6.58655
8.7738 7.61515
8.85365 6.60414
8.9335 6.53631
9.01335 6.33512
9.0932 6.67836
9.17305 6.45105
9.2529 6.97643
9.33275 7.70796
9.4126 7.14992
9.49245 7.36236
9.49245 7.36236
9.5723 7.13484
9.65215 6.45742
9.732 6.59385
9.81185 6.92616
9.8917 6.41111
9.97155 6.59043
10.0514 7.05981
10.1313 6.51871
10.2111 6.72376
10.291 6.62131
10.3708 7.16734
10.4507 6.28288
10.5305 6.90225
10.6104 7.09014
10.6902 6.49061
10.7701 6.35968
10.8499 6.93729
10.9298 6.46046
11.0096 6.69127
11.0895 6.61027
11.1693 6.76998
11.2492 6.84687
11.329 6.80944
11.4089 7.30569
11.4089 7.30569
11.4887 6.64939
11.5686 6.32208
11.6484 6.50325
11.6484 6.50325
11.7283 6.72021
11.8081 6.45042
11.888 6.3649
11.888 6.3649
11.9678 6.48747
11.9678 6.48747
12.0477 7.00509
12.1275 7.01493
12.2074 6.73063
12.2872 6.44494
12.2872 6.44494
12.3671 6.50579
12.4469 6.34211
12.4469 6.34211
12.5268 6.60816
12.5268 6.60816
12.6066 6.29611
12.6865 6.66489
12.7663 6.80273
12.8462 6.33454
12.926 6.41581
13.0059 6.68025
13.0857 6.47026
13.1656 6.50386
13.2454 6.50686
13.3253 6.48063
13.4051 6.78787
13.485 6.32232
13.5648 6.46852
13.6447 6.55566
13.7245 6.43431
13.7245 6.43431
13.8044 6.54553
13.8842 6.35501
13.9641 6.30793
14.0439 6.41133
14.1238 6.51389
14.2036 6.31751
14.2835 6.52134
14.3633 6.69817
14.4432 6.41083
14.523 6.31509
14.6029 6.28804
14.6827 6.37846
14.7626 6.3052
14.8424 6.25876
14.9223 6.52568
15.0021 6.24587
15.082 6.23829
15.1618 6.44236
15.2417 6.43766
15.3215 6.4205
15.4014 6.26334
15.4812 6.61163
15.5611 6.26299
15.6409 6.5123
15.7208 6.25818
15.8006 6.56045
15.8805 6.52803
15.9603 6.46852
16.0402 6.27589
16.12 6.63945
16.1999 6.26865
16.2797 6.44801
16.2797 6.44801
16.3596 6.25118
16.4394 6.30335
16.4394 6.30335
16.5193 6.30093
16.5991 6.30093
16.679 6.27057
16.7588 6.32082
16.8387 6.27107
16.9185 6.40303
16.9984 6.30461
17.0782 6.54822
17.1581 6.60386
17.2379 6.25118
17.3178 6.38579
17.3976 6.65085
17.4775 6.43779
17.5573 6.32266
17.6372 6.25118
17.717 6.30461
17.7969 6.93091
17.8767 6.26299
17.9566 6.47268
18.0364 6.27057
18.1163 6.28473
18.1961 6.49895
18.276 6.3841
18.3558 6.41144
18.4357 6.32223
18.5155 6.27057
18.5954 6.51824
18.6752 6.26299
18.7551 6.25818
18.8349 6.45319
18.9148 6.26865
18.9946 6.29611
19.0745 6.28346
19.1543 6.3644
19.2342 6.35436
19.314 6.26334
19.3939 6.28046
19.4737 6.43799
19.5536 6.43779
19.6334 6.32082
19.7133 6.25876
19.7931 6.35224
19.873 6.31751
19.9528 6.29046
20.0327 6.26334
20.1125 6.35924
20.1924 6.32082
20.2722 6.28804
20.3521 6.34221
20.4319 6.5138
20.5118 6.56024
20.5916 6.26334
20.6715 6.23829
20.7513 6.3841
20.8312 6.45863
20.911 6.46742
20.9909 6.25118
21.0707 6.27565
21.1506 6.27623
21.2304 6.39135
21.3103 6.60856
21.3901 6.28804
21.47 6.27865
21.5498 6.46745
21.6297 6.38097
21.7095 6.25818
21.7894 6.31465
21.8692 6.29046
21.9491 6.46556
22.0289 6.42814
22.1088 6.31324
22.1886 6.27623
22.2685 6.4797
22.3483 6.27107
22.4282 6.49161
22.508 6.27107
22.5879 6.25818
22.6677 6.41124
22.7476 6.352
22.8274 6.26575
22.9073 6.30219
22.9871 6.38097
23.067 6.30093
23.1468 6.26865
23.2267 6.32223
23.3065 6.31219
23.3864 6.27565
23.4662 6.39593
23.5461 6.39822
23.6259 6.24587
23.7058 6.26575
23.7856 6.34255
23.8655 6.25118
23.9453 6.45167
24.0252 6.37213
24.105 6.30977
24.1849 6.31219
24.2647 6.4724
24.3446 6.61503
24.4244 6.28322
24.5043 6.32223
24.5841 6.26299
24.664 6.31701
24.7438 6.29335
24.8237 6.24587
24.9035 6.29335
24.9834 6.34737
25.0632 6.29046
25.1431 6.28046
25.2229 6.33497
25.3028 6.23829
25.3826 6.28473
25.4625 6.27623
25.5423 6.30219
25.6222 6.4498
25.702 6.26299
25.7819 6.29335
25.8617 6.32232
25.9416 6.25818
25.9416 6.25818
26.0214 6.32082
26.1013 6.24587
26.1811 6.27865
26.261 6.25118
26.3408 6.23829
26.4207 6.26299
26.5005 6.24587
26.5804 6.26299
26.6602 6.27589
26.7401 6.26299
26.8199 6.25118
26.8998 6.27865
26.9796 6.39122
27.0595 6.31751
27.1393 6.25818
27.2192 6.29046
27.299 6.29335
27.3789 6.36725
27.4587 6.28804
27.5386 6.25876
27.6184 6.36109
27.6983 6.23829
27.7781 6.2923
27.858 6.27865
27.9378 6.26865
28.0177 6.29335
28.0975 6.27623
28.1774 6.28322
28.2572 6.25818
28.3371 6.31465
28.4169 6.32223
28.4968 6.27865
28.5766 6.28804
28.6565 6.25576
28.7363 6.26334
28.8162 6.46556
28.896 6.26334
28.9759 6.23829
29.0557 6.29611
29.1356 6.28346
29.2154 6.24587
29.2953 6.26865
29.3751 6.26334
29.455 6.27865
29.5348 6.25118
29.6147 6.25118
29.6147 6.25118
29.6945 6.34678
29.7744 6.29762
29.8542 6.38855
29.9341 6.34743
30.0139 6.26575
30.0938 6.28804
30.1736 6.24587
30.2535 6.32232
30.3333 6.33689
30.4132 6.29577
30.493 6.27623
30.5729 6.25876
30.6527 6.27865
30.7326 6.23829
30.8124 6.2923
30.8923 6.3269
30.9721 6.28046
31.052 6.26299
31.1318 6.28288
31.2117 6.26299
31.2915 6.28046
31.3714 6.26865
31.4512 6.29611
31.5311 6.29611
31.5311 6.29611
31.6109 6.27107
31.6908 6.24587
31.7706 6.24587
31.8505 6.25118
31.9303 6.35924
32.0102 6.34211
32.09 6.33454
32.1699 6.24587
32.2497 6.27623
32.3296 6.25576
32.4094 6.28322
32.4893 6.25876
32.5691 6.32266
32.649 6.26299
32.7288 6.25118
32.8087 6.25818
32.8885 6.26865
32.9684 6.32082
33.0482 6.32932
33.1281 6.25118
33.1281 6.25118
33.2079 6.30093
33.2878 6.27623
33.3676 6.26334
33.4475 6.30977
33.5273 6.25118
33.6072 6.26575
33.687 6.23829
33.7669 6.27865
33.8467 6.25818
33.9266 6.34978
34.0064 6.34743
34.0863 6.26334
34.1661 6.25876
34.246 6.24587
34.3258 6.23829
34.4057 6.31751
34.4855 6.24587
34.5654 6.28322
34.6452 6.24587
34.7251 6.25818
34.8049 6.33969
34.8848 6.23829
34.9646 6.23829
35.0445 6.25818
35.1243 6.28046
35.2042 6.27589
35.2042 6.27589
35.284 6.30335
35.3639 6.25576
35.4437 6.3269
35.5236 6.35436
35.6034 6.26575
35.6833 6.25576
35.7631 6.24587
35.843 6.26575
35.9228 6.26299
36.0027 6.24587
36.0825 6.26299
36.1624 6.26575
36.2422 6.28854
36.3221 6.23829
36.4019 6.26575
36.4818 6.26334
36.5616 6.23829
36.6415 6.2923
36.7213 6.2923
36.8012 6.23829
36.881 6.27589
36.9609 6.29611
37.0407 6.25818
37.1206 6.23829
37.2004 6.25576
37.2803 6.23829
37.3601 6.31219
37.44 6.29577
37.5198 6.29577
37.5997 6.23829
37.6795 6.23829
37.7594 6.24587
37.8392 6.28473
37.9191 6.26865
37.9989 6.27865
38.0788 6.24587
38.1586 6.25818
38.2385 6.26334
38.3183 6.32082
38.3982 6.27565
38.478 6.23829
38.5579 6.30793
38.6377 6.28804
38.7176 6.25576
38.7974 6.23829
38.8773 6.26575
38.9571 6.25118
39.037 6.24587
39.1168 6.25576
39.1168 6.25576
39.1967 6.25876
39.2765 6.34501
39.3564 6.27623
39.4362 6.25118
39.5161 6.27107
39.5959 6.23829
39.6758 6.39135
39.7556 6.30977
39.8355 6.30977
39.9153 6.26334
39.9952 6.25576
40.075 6.28046
40.1549 6.28288
40.2347 6.27589
40.3146 6.41144
40.3944 6.26865
40.4743 6.25576
40.5541 6.32508
40.634 6.26299
40.7138 6.23829
40.7937 6.3269
40.8735 6.33454
40.9534 6.27623
41.0332 6.23829
41.1131 6.25576
41.1929 6.25118
41.2728 6.25818
41.3526 6.23829
41.4325 6.26575
41.5123 6.27107
41.5922 6.26299
41.672 6.25876
41.7519 6.32223
41.8317 6.23829
41.9116 6.26299
41.9914 6.26865
42.0713 6.26299
42.1511 6.35968
42.231 6.25118
42.3108 6.38155
42.3907 6.25576
42.4705 6.3052
42.5504 6.25818
42.6302 6.32266
42.7101 6.23829
42.7899 6.26334
42.8698 6.23829
42.9496 6.23829
43.0295 6.28804
43.1093 6.25118
43.1892 6.24587
43.269 6.28288
43.269 6.28288
43.3489 6.27057
43.4287 6.32508
43.5086 6.26299
43.5884 6.23829
43.6683 6.25118
43.7481 6.25576
43.828 6.28322
43.9078 6.23829
43.9877 6.28046
44.0675 6.23829
44.1474 6.27865
44.2272 6.31701
44.3071 6.27565
44.3869 6.27565
44.4668 6.24587
44.5466 6.28804
44.6265 6.27623
44.7063 6.23829
44.7862 6.27057
44.866 6.28346
44.9459 6.24587
45.0257 6.27057
45.1056 6.24587
45.1854 6.23829
45.2653 6.23829
45.3451 6.26865
45.425 6.32208
45.5048 6.23829
45.5847 6.27589
45.6645 6.25576
45.7444 6.24587
45.8242 6.24587
45.9041 6.28804
45.9839 6.27565
45.9839 6.27565
46.0638 6.28854
46.1436 6.27623
46.2235 6.25818
46.3033 6.25576
46.3832 6.25876
46.463 6.25876
46.5429 6.27057
46.6227 6.34737
46.7026 6.29046
46.7824 6.27565
46.8623 6.25118
46.9421 6.23829
47.022 6.24587
47.1018 6.28046
47.1817 6.26575
47.2615 6.25818
47.3414 6.30093
47.4212 6.25118
47.5011 6.2923
47.5809 6.25876
47.6608 6.28473
47.7406 6.23829
47.8205 6.24587
47.9003 6.26865
47.9003 6.26865
47.9802 6.24587
48.06 6.24587
48.1399 6.24587
48.2197 6.27589
48.2996 6.27057
48.3794 6.24587
48.4593 6.28346
48.5391 6.27623
48.619 6.25118
48.6988 6.26865
48.7787 6.23829
48.8585 6.33969
48.9384 6.25576
49.0182 6.26575
49.0981 6.23829
49.1779 6.25818
49.2578 6.23829
49.3376 6.27057
49.4175 6.27589
49.4973 6.25118
49.5772 6.25118
49.657 6.25818
49.657 6.25818
49.7369 6.31701
49.8167 6.29611
49.8966 6.29335
49.9764 6.25876
50.0563 6.24587
50.1361 6.24587
50.216 6.25118
50.2958 6.26865
50.3757 6.28346
50.4555 6.23829
50.5354 6.25118
50.6152 6.25576
50.6951 6.27623
50.7749 6.25576
50.8548 6.25818
50.9346 6.28288
51.0145 6.26334
51.0943 6.26575
51.1742 6.25876
51.254 6.33979
51.3339 6.29046
51.4137 6.23829
51.4936 6.26299
51.5734 6.26299
51.6533 6.25876
51.7331 6.25118
51.813 6.26865
51.8928 6.23829
51.9727 6.32232
52.0525 6.29335
52.1324 6.27107
52.2122 6.29046
52.2921 6.26334
52.3719 6.25576
52.4518 6.29611
52.5316 6.32208
52.6115 6.25818
52.6913 6.29046
52.7712 6.23829
52.851 6.33448
52.9309 6.27865
53.0107 6.27623
53.0906 6.2923
53.1704 6.30219
53.2503 6.24587
53.3301 6.34978
53.41 6.25118
53.4898 6.30461
53.5697 6.26334
53.6495 6.27057
53.7294 6.25818
53.8092 6.26575
53.8891 6.24587
53.9689 6.28322
54.0488 6.25118
54.1286 6.23829
54.2085 6.25818
54.2883 6.29611
54.3682 6.29335
54.448 6.24587
54.5279 6.27107
54.6077 6.23829
54.6876 6.25576
54.6876 6.25576
54.7674 6.25118
54.8473 6.24587
54.9271 6.25576
55.007 6.27107
55.0868 6.23829
55.1667 6.25118
55.2465 6.28346
55.3264 6.28346
55.4062 6.29046
55.4861 6.27565
55.4861 6.27565
55.5659 6.25118
55.6458 6.27107
55.7256 6.24587
55.8055 6.27565
55.8853 6.25118
55.9652 6.23829
56.045 6.23829
56.1249 6.26299
56.2047 6.25118
56.2846 6.28288
56.3644 6.25818
56.4443 6.26334
56.5241 6.28322
56.604 6.25118
56.6838 6.27057
56.7637 6.23829
56.8435 6.24587
56.9234 6.3269
57.0032 6.25876
57.0831 6.24587
57.1629 6.23829
57.2428 6.25576
57.3226 6.24587
57.4025 6.23829
57.4823 6.28346
57.5622 6.25818
57.642 6.26865
57.7219 6.23829
57.8017 6.23829
57.8816 6.24587
57.9614 6.27865
58.0413 6.24587
58.1211 6.25576
58.201 6.25118
58.2808 6.26865
58.3607 6.25576
58.4405 6.23829
58.5204 6.27623
58.6002 6.28854
58.6801 6.26575
58.7599 6.25576
58.8398 6.26575
58.9196 6.26575
58.9995 6.23829
59.0793 6.25118
59.1592 6.24587
59.239 6.26865
59.3189 6.24587
59.3987 6.23829
59.4786 6.30335
59.5584 6.23829
59.6383 6.23829
59.7181 6.23829
59.798 6.25118
59.8778 6.26299
59.9577 6.23829
60.0375 6.24587
60.1174 6.23829
60.1972 6.27565
60.2771 6.25818
60.3569 6.26575
60.4368 6.25876
60.5166 6.24587
60.5965 6.27589
60.6763 6.28046
60.7562 6.27623
60.836 6.28804
60.9159 6.28346
60.9957 6.25818
61.0756 6.25818
61.1554 6.23829
61.2353 6.23829
61.2353 6.23829
61.3151 6.31751
61.395 6.23829
61.4748 6.23829
61.5547 6.25818
61.6345 6.26334
61.7144 6.26865
61.7942 6.26865
61.8741 6.27623
61.9539 6.28804
61.9539 6.28804
62.0338 6.24587
62.1136 6.3052
62.1935 6.26299
62.2733 6.24587
62.3532 6.25818
62.433 6.25118
62.5129 6.25576
62.5927 6.23829
62.6726 6.26334
62.7524 6.27623
62.8323 6.24587
62.9121 6.26865
62.992 6.26334
63.0718 6.26865
63.1517 6.26334
63.2315 6.24587
63.3114 6.24587
63.3912 6.24587
63.4711 6.25818
63.5509 6.25576
63.6308 6.23829
63.7106 6.25576
63.7905 6.27589
63.8703 6.23829
63.9502 6.25118
64.03 6.24587
64.1099 6.27623
64.1099 6.27623
64.1897 6.25576
64.2696 6.28322
64.3494 6.24587
64.4293 6.23829
64.5091 6.2923
64.589 6.23829
64.6688 6.28804
64.7487 6.27589
64.8285 6.25876
64.8285 6.25876
64.9084 6.25818
64.9882 6.23829
65.0681 6.27565
65.1479 6.28854
65.2278 6.28322
65.3076 6.25118
65.3076 6.25118
65.3875 6.25118
65.4673 6.27589
65.5472 6.27589
65.627 6.25818
65.7069 6.31751
65.7867 6.24587
65.8666 6.23829
65.8666 6.23829
65.9464 6.24587
66.0263 6.28046
66.1061 6.26299
66.1061 6.26299
66.186 6.23829
66.2658 6.29046
66.3457 6.27107
66.4255 6.26575
66.5054 6.25818
66.5852 6.24587
66.6651 6.25118
66.7449 6.29046
66.8248 6.25818
66.9046 6.23829
66.9845 6.27565
67.0643 6.25876
67.1442 6.25576
67.1442 6.25576
67.224 6.25576
67.3039 6.25818
67.3837 6.25118
67.4636 6.27623
67.5434 6.24587
67.6233 6.24587
67.7031 6.25118
67.7829 6.23829
67.8628 6.26575
67.9426 6.25576
68.0225 6.24587
68.1023 6.23829
68.1822 6.28854
68.262 6.25818
68.3419 6.23829
68.4217 6.23829
68.5016 6.26865
68.5814 6.24587
68.6613 6.26299
68.7411 6.23829
68.821 6.27589
68.9008 6.32966
68.9807 6.26575
68.9807 6.26575
69.0605 6.28046
69.1404 6.23829
69.2202 6.30035
69.3001 6.28804
69.3799 6.24587
69.4598 6.24587
69.5396 6.25576
69.5396 6.25576
69.6195 6.23829
69.6993 6.25576
69.7792 6.25876
69.859 6.26575
69.9389 6.23829
70.0187 6.25576
70.0986 6.25576
70.1784 6.23829
70.2583 6.23829
70.3381 6.25576
70.418 6.25576
70.4978 6.28322
70.5777 6.26334
70.6575 6.28804
70.7374 6.30035
70.8172 6.27057
70.8971 6.23829
70.9769 6.23829
71.0568 6.23829
71.1366 6.25818
71.2165 6.2923
71.2963 6.23829
71.3762 6.23829
71.456 6.23829
71.5359 6.25118
71.6157 6.24587
71.6956 6.25818
71.7754 6.26575
71.8553 6.28473
71.9351 6.27057
72.015 6.26299
72.0948 6.25818
72.1747 6.28322
72.2545 6.23829
72.3344 6.26865
72.4142 6.25818
72.4941 6.24587
72.5739 6.29046
72.6538 6.26334
72.7336 6.26334
72.8135 6.25576
72.8933 6.23829
72.9732 6.23829
73.053 6.23829
73.1329 6.27565
73.2127 6.26575
73.2926 6.24587
73.3724 6.26865
73.4523 6.25576
73.5321 6.25118
73.612 6.23829
73.6918 6.23829
73.6918 6.23829
73.7717 6.26334
73.8515 6.37671
73.9314 6.23829
74.0112 6.23829
74.0911 6.23829
74.1709 6.25576
74.2508 6.24587
74.3306 6.27623
74.4105 6.26334
74.4903 6.26334
74.5702 6.26299
74.65 6.23829
74.7299 6.27865
74.8097 6.28473
74.8896 6.26334
74.9694 6.26299
75.0493 6.26865
75.1291 6.25576
75.209 6.25818
75.2888 6.25876
75.3687 6.25818
75.4485 6.23829
75.5284 6.2923
75.6082 6.23829
75.6881 6.26299
75.7679 6.27565
75.7679 6.27565
75.8478 6.25118
75.9276 6.23829
76.0075 6.25118
76.0873 6.27865
76.1672 6.23829
76.247 6.25876
76.3269 6.24587
76.4067 6.25118
76.4866 6.24587
76.5664 6.23829
76.6463 6.23829
76.7261 6.27565
76.7261 6.27565
76.806 6.23829
76.8858 6.25876
76.9657 6.26575
77.0455 6.23829
77.1254 6.25876
77.2052 6.23829
77.2851 6.25876
77.3649 6.25876
77.4448 6.25576
77.5246 6.2923
77.6045 6.23829
77.6843 6.23829
77.7642 6.25118
77.7642 6.25118
77.844 6.23829
77.9239 6.23829
78.0037 6.25118
78.0836 6.24587
78.1634 6.27865
78.2433 6.26575
78.3231 6.27107
78.403 6.25118
78.4828 6.23829
78.5627 6.26575
78.6425 6.23829
78.7224 6.23829
78.8022 6.25118
78.8821 6.28322
78.9619 6.26575
79.0418 6.25818
79.1216 6.27565
79.2015 6.26575
79.2813 6.26299
79.3612 6.25118
79.441 6.24587
79.5209 6.23829
79.6007 6.24587
79.6806 6.25576
79.7604 6.25818
79.8403 6.23829
79.9201 6.25576
80 6.28473
