1 0
1 0
1 0
1 0
1 0
1 0
1 0
1 0
1 0
1 0
1 0
1 0
1 0
1 0
1 0
1 0
1 0
1 0
1 0
1 0
1 0
1 0
1 0
1 0
1 0
1 0
1 0
1 0
1 0
1 0
1 0
1 0
1 0
1 0
1 0.00119217
1 0.0206136
1 0.15018
1 0.546213
1 1.18318
1 1.85546
1 2.30566
1 2.52204
1 2.54085
1 2.40126
1 2.23244
1 1.98354
1 1.77425
1 1.56507
1 1.40922
1 1.28804
1 1.14761
1 1.02672
1 0.959943
1 0.881528
1 0.834115
1 0.781329
1 0.738119
1 0.703689
1 0.681337
1 0.664517
1 0.659521
1 0.653342
1 0.660296
1 0.673259
1 0.698435
1 0.717447
1 0.752484
1 0.766362
1 0.804356
1 0.839591
1 0.883608
1 0.933947
1 0.972511
1 1.00699
1 1.06278
1 1.10375
1 1.13994
1 1.14448
1 1.1802
1 1.21461
1 1.21607
1 1.22658
1 1.21327
1 1.21607
1 1.19246
1 1.17218
1 1.1325
1 1.10035
1 1.07216
1 1.05248
1 1.02518
1 0.998045
1 0.972589
1 0.952258
1 0.921785
1 0.895149
1 0.896797
1 0.885626
1 0.871707
1 0.880548
2 0
2 0
2 0
2 0
2 0
2 0
2 0
2 0
2 0
2 0
2 0
2 0
2 0
2 0
2 0
2 0
2 0
2 0
2 0
2 0
2 0
2 0
2 0
2 0
2 0
2 0
2 0
2 0
2 0
2 0
2 0
2 0
2 0
2 0
2 0.00146728
2 0.0235584
2 0.165255
2 0.553975
2 1.20557
2 1.8819
2 2.3068
2 2.54315
2 2.53952
2 2.37479
2 2.20576
2 1.945
2 1.74871
2 1.5477
2 1.40751
2 1.24483
2 1.12916
2 1.04063
2 0.948023
2 0.889003
2 0.841502
2 0.802982
2 0.746873
2 0.740997
2 0.696232
2 0.700407
2 0.668677
2 0.669822
2 0.675526
2 0.678727
2 0.697176
2 0.717473
2 0.741697
2 0.763607
2 0.809521
2 0.851817
2 0.888132
2 0.927392
2 0.964308
2 0.995956
2 1.04628
2 1.09046
2 1.11634
2 1.16434
2 1.18686
2 1.19413
2 1.20971
2 1.20691
2 1.19897
2 1.19253
2 1.1725
2 1.15514
2 1.12569
2 1.09858
2 1.07147
2 1.04985
2 1.01357
2 0.992725
2 0.985079
2 0.962272
2 0.952099
2 0.933294
2 0.924062
2 0.906743
2 0.895334
2 0.892831
3 0
3 0
3 0
3 0
3 0
3 0
3 0
3 0
3 0
3 0
3 0
3 0
3 0
3 0
3 0
3 0
3 0
3 0
3 0
3 0
3 0
3 0
3 0
3 0
3 0
3 0
3 0
3 0
3 0
3 0
3 0
3 0
3 0
3 0
3 0.000458526
3 0.0284087
3 0.157554
3 0.566161
3 1.21676
3 1.89646
3 2.31731
3 2.57484
3 2.52484
3 2.43466
3 2.19154
3 1.93904
3 1.7474
3 1.52593
3 1.36082
3 1.2373
3 1.11619
3 1.0273
3 0.94228
3 0.860858
3 0.821252
3 0.785157
3 0.751216
3 0.730069
3 0.698688
3 0.692914
3 0.682902
3 0.669706
3 0.686955
3 0.688554
3 0.706727
3 0.740651
3 0.752879
3 0.781719
3 0.81201
3 0.850777
3 0.899399
3 0.934993
3 0.978118
3 1.01784
3 1.05513
3 1.07652
3 1.11168
3 1.15329
3 1.18199
3 1.20384
3 1.2038
3 1.20918
3 1.20477
3 1.19038
3 1.17551
3 1.13929
3 1.13028
3 1.09939
3 1.05697
3 1.03306
3 1.00717
3 0.990013
3 0.975587
3 0.955742
3 0.936893
3 0.93035
3 0.91949
3 0.906226
3 0.888864
3 0.8968
4 0
4 0
4 0
4 0
4 0
4 0
4 0
4 0
4 0
4 0
4 0
4 0
4 0
4 0
4 0
4 0
4 0
4 0
4 0
4 0
4 0
4 0
4 0
4 0
4 0
4 0
4 0
4 0
4 0
4 0
4 0
4 0
4 0
4 0
4 0.000917052
4 0.0257237
4 0.170417
4 0.568257
4 1.21175
4 1.90079
4 2.31904
4 2.56653
4 2.57312
4 2.38454
4 2.23525
4 1.97078
4 1.76643
4 1.56575
4 1.37836
4 1.24808
4 1.12531
4 1.03051
4 0.931944
4 0.864329
4 0.803759
4 0.751314
4 0.725775
4 0.702897
4 0.674702
4 0.675494
4 0.652931
4 0.650399
4 0.661945
4 0.680162
4 0.710006
4 0.724622
4 0.748016
4 0.786463
4 0.822897
4 0.869037
4 0.911258
4 0.942509
4 0.996331
4 1.03645
4 1.06716
4 1.09217
4 1.13231
4 1.1602
4 1.19603
4 1.20456
4 1.22088
4 1.2286
4 1.20189
4 1.19962
4 1.16432
4 1.14966
4 1.12185
4 1.09198
4 1.06539
4 1.03287
4 1.002
4 0.975436
4 0.965291
4 0.935439
4 0.91967
4 0.90938
4 0.897863
4 0.883238
4 0.882946
4 0.881684
5 0
5 0
5 0
5 0
5 0
5 0
5 0
5 0
5 0
5 0
5 0
5 0
5 0
5 0
5 0
5 0
5 0
5 0
5 0
5 0
5 0
5 0
5 0
5 0
5 0
5 0
5 0
5 0
5 0
5 0
5 0
5 0
5 0
5 0
5 0.000917052
5 0.0203538
5 0.1714
5 0.566006
5 1.22383
5 1.91045
5 2.3764
5 2.5479
5 2.53946
5 2.37854
5 2.19699
5 1.9654
5 1.73346
5 1.5357
5 1.36941
5 1.23557
5 1.09407
5 1.02141
5 0.926756
5 0.86696
5 0.811293
5 0.765347
5 0.740205
5 0.718942
5 0.69282
5 0.694209
5 0.676938
5 0.687773
5 0.700284
5 0.701494
5 0.716645
5 0.727675
5 0.760704
5 0.784882
5 0.814267
5 0.87037
5 0.900738
5 0.932047
5 0.967485
5 1.00893
5 1.06117
5 1.09793
5 1.12414
5 1.16158
5 1.17749
5 1.19857
5 1.20534
5 1.2125
5 1.20052
5 1.19441
5 1.15816
5 1.14281
5 1.12115
5 1.10022
5 1.06106
5 1.03796
5 1.00943
5 0.988305
5 0.971186
5 0.950186
5 0.934571
5 0.918644
5 0.914122
5 0.902047
5 0.890102
5 0.892886
6 0
6 0
6 0
6 0
6 0
6 0
6 0
6 0
6 0
6 0
6 0
6 0
6 0
6 0
6 0
6 0
6 0
6 0
6 0
6 0
6 0
6 0
6 0
6 0
6 0
6 0
6 0
6 0
6 0
6 0
6 0
6 0
6 0
6 0
6 0.000275116
6 0.0149838
6 0.148951
6 0.555605
6 1.18333
6 1.81985
6 2.32423
6 2.51868
6 2.52181
6 2.42353
6 2.23354
6 1.95565
6 1.78364
6 1.58819
6 1.38755
6 1.27637
6 1.15776
6 1.03541
6 0.94034
6 0.885418
6 0.826655
6 0.795611
6 0.744445
6 0.721683
6 0.691735
6 0.677929
6 0.660416
6 0.672217
6 0.675498
6 0.670904
6 0.697228
6 0.705769
6 0.741549
6 0.757953
6 0.796889
6 0.852427
6 0.882839
6 0.929506
6 0.965824
6 0.995087
6 1.05165
6 1.07742
6 1.12727
6 1.15711
6 1.18358
6 1.20689
6 1.21948
6 1.22536
6 1.21678
6 1.21712
6 1.1878
6 1.16855
6 1.13469
6 1.12213
6 1.07692
6 1.0442
6 1.0283
6 1.00475
6 0.961005
6 0.950635
6 0.936881
6 0.922869
6 0.896597
6 0.896363
6 0.881259
6 0.878067
7 0
7 0
7 0
7 0
7 0
7 0
7 0
7 0
7 0
7 0
7 0
7 0
7 0
7 0
7 0
7 0
7 0
7 0
7 0
7 0
7 0
7 0
7 0
7 0
7 0
7 0
7 0
7 0
7 0
7 0
7 0
7 0
7 0
7 0
7 0.00128387
7 0.0259835
7 0.151245
7 0.544816
7 1.15645
7 1.86861
7 2.31298
7 2.53991
7 2.52798
7 2.41817
7 2.18134
7 1.98855
7 1.76709
7 1.58621
7 1.41168
7 1.2484
7 1.13002
7 1.02977
7 0.946835
7 0.872681
7 0.839995
7 0.79274
7 0.737606
7 0.704515
7 0.685707
7 0.684713
7 0.671003
7 0.670745
7 0.671502
7 0.69524
7 0.695365
7 0.72994
7 0.741599
7 0.774772
7 0.809498
7 0.841783
7 0.882861
7 0.925556
7 0.974962
7 1.02542
7 1.04878
7 1.09308
7 1.11517
7 1.16274
7 1.17162
7 1.19897
7 1.20309
7 1.21881
7 1.20812
7 1.17869
7 1.18965
7 1.1646
7 1.13812
7 1.10852
7 1.0741
7 1.03249
7 1.01577
7 1.00699
7 0.971364
7 0.957503
7 0.94034
7 0.925574
7 0.921272
7 0.896431
7 0.891722
7 0.881639
8 0
8 0
8 0
8 0
8 0
8 0
8 0
8 0
8 0
8 0
8 0
8 0
8 0
8 0
8 0
8 0
8 0
8 0
8 0
8 0
8 0
8 0
8 0
8 0
8 0
8 0
8 0
8 0
8 0
8 0
8 0
8 0
8 0
8 0
8 0.00155899
8 0.0234718
8 0.143707
8 0.525876
8 1.15829
8 1.86001
8 2.27712
8 2.56476
8 2.5753
8 2.4297
8 2.24501
8 2.01022
8 1.77602
8 1.57649
8 1.38444
8 1.23098
8 1.09578
8 1.03006
8 0.935706
8 0.857197
8 0.812726
8 0.772541
8 0.732956
8 0.706694
8 0.699996
8 0.677066
8 0.684065
8 0.664915
8 0.688687
8 0.685901
8 0.714519
8 0.721289
8 0.754656
8 0.783157
8 0.811452
8 0.860088
8 0.889098
8 0.930381
8 0.962958
8 1.01725
8 1.05871
8 1.09308
8 1.10416
8 1.15562
8 1.18587
8 1.21097
8 1.21776
8 1.20487
8 1.20383
8 1.19671
8 1.18841
8 1.16318
8 1.13038
8 1.09184
8 1.0681
8 1.04135
8 1.01319
8 0.991878
8 0.962128
8 0.942344
8 0.928545
8 0.915089
8 0.915095
8 0.895915
8 0.892971
8 0.89648
9 0
9 0
9 0
9 0
9 0
9 0
9 0
9 0
9 0
9 0
9 0
9 0
9 0
9 0
9 0
9 0
9 0
9 0
9 0
9 0
9 0
9 0
9 0
9 0
9 0
9 0
9 0
9 0
9 0
9 0
9 0
9 0
9 0
9 0
9 0.00119217
9 0.0204404
9 0.166894
9 0.569266
9 1.22567
9 1.87659
9 2.3392
9 2.54448
9 2.58025
9 2.39255
9 2.18602
9 1.97996
9 1.75785
9 1.53827
9 1.38602
9 1.24029
9 1.1215
9 1.01347
9 0.914914
9 0.859524
9 0.825773
9 0.771478
9 0.731896
9 0.724456
9 0.688641
9 0.670776
9 0.670198
9 0.669071
9 0.667673
9 0.679512
9 0.702266
9 0.723859
9 0.762308
9 0.791806
9 0.832319
9 0.875387
9 0.908096
9 0.937556
9 0.978014
9 1.00885
9 1.05627
9 1.0882
9 1.11992
9 1.15015
9 1.18347
9 1.2212
9 1.22288
9 1.21419
9 1.20612
9 1.19713
9 1.16184
9 1.15038
9 1.13075
9 1.09493
9 1.06457
9 1.03008
9 1.00478
9 0.989153
9 0.970229
9 0.946602
9 0.923484
9 0.907705
9 0.90274
9 0.898326
9 0.884207
9 0.892566
10 0
10 0
10 0
10 0
10 0
10 0
10 0
10 0
10 0
10 0
10 0
10 0
10 0
10 0
10 0
10 0
10 0
10 0
10 0
10 0
10 0
10 0
10 0
10 0
10 0
10 0
10 0
10 0
10 0
10 0
10 0
10 0
10 0
10 0
10 0.00155899
10 0.0242513
10 0.168615
10 0.580443
10 1.1823
10 1.83762
10 2.3068
10 2.57712
10 2.54466
10 2.39619
10 2.17897
10 1.97769
10 1.7578
10 1.55167
10 1.39488
10 1.25129
10 1.13203
10 1.01454
10 0.952339
10 0.884503
10 0.841244
10 0.777786
10 0.731246
10 0.713066
10 0.704749
10 0.686655
10 0.648308
10 0.662029
10 0.664795
10 0.687552
10 0.692033
10 0.722536
10 0.750855
10 0.78596
10 0.814546
10 0.863207
10 0.895138
10 0.94236
10 0.977184
10 1.01299
10 1.05257
10 1.09213
10 1.12282
10 1.15411
10 1.178
10 1.21016
10 1.21892
10 1.21876
10 1.19966
10 1.19624
10 1.18636
10 1.1481
10 1.12467
10 1.0951
10 1.06148
10 1.04011
10 1.01312
10 0.997288
10 0.969285
10 0.943081
10 0.94254
10 0.912875
10 0.911719
10 0.903643
10 0.880561
10 0.888354
11 0
11 0
11 0
11 0
11 0
11 0
11 0
11 0
11 0
11 0
11 0
11 0
11 0
11 0
11 0
11 0
11 0
11 0
11 0
11 0
11 0
11 0
11 0
11 0
11 0
11 0
11 0
11 0
11 0
11 0
11 0
11 0
11 0
11 0
11 0.00100876
11 0.0223459
11 0.160667
11 0.564531
11 1.17354
11 1.86169
11 2.32596
11 2.53915
11 2.57076
11 2.42693
11 2.1874
11 1.98085
11 1.73675
11 1.56676
11 1.42435
11 1.24933
11 1.14145
11 1.02471
11 0.948181
11 0.865397
11 0.807875
11 0.778707
11 0.732238
11 0.719107
11 0.691512
11 0.695597
11 0.665218
11 0.662376
11 0.662783
11 0.684277
11 0.699747
11 0.707906
11 0.732712
11 0.76435
11 0.800192
11 0.855568
11 0.886814
11 0.927669
11 0.972636
11 1.01139
11 1.07393
11 1.0994
11 1.13188
11 1.17387
11 1.19341
11 1.2218
11 1.23209
11 1.22323
11 1.21584
11 1.19942
11 1.17272
11 1.15252
11 1.12194
11 1.10018
11 1.06653
11 1.03215
11 1.01552
11 0.981786
11 0.971364
11 0.957178
11 0.930586
11 0.914814
11 0.900993
11 0.889243
11 0.873709
11 0.872918
12 0
12 0
12 0
12 0
12 0
12 0
12 0
12 0
12 0
12 0
12 0
12 0
12 0
12 0
12 0
12 0
12 0
12 0
12 0
12 0
12 0
12 0
12 0
12 0
12 0
12 0
12 0
12 0
12 0
12 0
12 0
12 0
12 0
12 0
12 0.00110046
12 0.0267631
12 0.172301
12 0.585954
12 1.23171
12 1.84762
12 2.36037
12 2.56945
12 2.54514
12 2.39169
12 2.16894
12 1.94516
12 1.7426
12 1.55854
12 1.39136
12 1.24225
12 1.12463
12 1.03413
12 0.947587
12 0.867418
12 0.830771
12 0.767473
12 0.739419
12 0.714452
12 0.679551
12 0.666552
12 0.66984
12 0.671496
12 0.679885
12 0.686496
12 0.705913
12 0.730499
12 0.754409
12 0.794465
12 0.837274
12 0.859455
12 0.902122
12 0.930723
12 0.984951
12 1.00679
12 1.06187
12 1.08768
12 1.1244
12 1.14302
12 1.18076
12 1.21206
12 1.19547
12 1.20574
12 1.21245
12 1.19535
12 1.16629
12 1.15516
12 1.11496
12 1.09557
12 1.06782
12 1.03354
12 1.01726
12 0.987992
12 0.970509
12 0.950523
12 0.937724
12 0.929943
12 0.911719
12 0.892171
12 0.885242
12 0.88852
13 0
13 0
13 0
13 0
13 0
13 0
13 0
13 0
13 0
13 0
13 0
13 0
13 0
13 0
13 0
13 0
13 0
13 0
13 0
13 0
13 0
13 0
13 0
13 0
13 0
13 0
13 0
13 0
13 0
13 0
13 0
13 0
13 0
13 0
13 0.0018341
13 0.0255505
13 0.159356
13 0.547377
13 1.19997
13 1.85252
13 2.30194
13 2.54308
13 2.58309
13 2.38425
13 2.21502
13 1.99182
13 1.78279
13 1.55254
13 1.39057
13 1.23663
13 1.11902
13 1.01001
13 0.945488
13 0.863833
13 0.821951
13 0.78303
13 0.744035
13 0.715344
13 0.69097
13 0.665442
13 0.679741
13 0.665262
13 0.675554
13 0.673719
13 0.700902
13 0.723833
13 0.755051
13 0.768758
13 0.825387
13 0.862009
13 0.900387
13 0.939968
13 0.972366
13 1.02055
13 1.05908
13 1.09642
13 1.13809
13 1.1682
13 1.18138
13 1.20981
13 1.21008
13 1.20042
13 1.20639
13 1.18933
13 1.17224
13 1.15474
13 1.12378
13 1.10254
13 1.07381
13 1.04098
13 1.00522
13 0.991173
13 0.97153
13 0.942894
13 0.930354
13 0.922175
13 0.911332
13 0.900623
13 0.87938
13 0.885091
14 0
14 0
14 0
14 0
14 0
14 0
14 0
14 0
14 0
14 0
14 0
14 0
14 0
14 0
14 0
14 0
14 0
14 0
14 0
14 0
14 0
14 0
14 0
14 0
14 0
14 0
14 0
14 0
14 0
14 0
14 0
14 0
14 0
14 0
14 0.00146728
14 0.0250308
14 0.162388
14 0.559098
14 1.18429
14 1.84182
14 2.33668
14 2.53288
14 2.55203
14 2.40005
14 2.22141
14 1.99366
14 1.77547
14 1.57625
14 1.40946
14 1.25379
14 1.12309
14 1.01816
14 0.942439
14 0.889461
14 0.800231
14 0.773498
14 0.737299
14 0.697581
14 0.684176
14 0.670129
14 0.667126
14 0.654439
14 0.676336
14 0.679106
14 0.699275
14 0.707779
14 0.748707
14 0.779515
14 0.818617
14 0.86176
14 0.899992
14 0.944858
14 0.979717
14 1.02091
14 1.0604
14 1.09184
14 1.13237
14 1.16712
14 1.18955
14 1.2167
14 1.21641
14 1.21514
14 1.21047
14 1.18672
14 1.18535
14 1.1495
14 1.1265
14 1.09279
14 1.06104
14 1.04158
14 0.993927
14 0.992803
14 0.962446
14 0.945403
14 0.927762
14 0.914084
14 0.914696
14 0.879425
14 0.885399
14 0.877824
15 0
15 0
15 0
15 0
15 0
15 0
15 0
15 0
15 0
15 0
15 0
15 0
15 0
15 0
15 0
15 0
15 0
15 0
15 0
15 0
15 0
15 0
15 0
15 0
15 0
15 0
15 0
15 0
15 0
15 0
15 0
15 0
15 0
15 0
15 0.00146728
15 0.0283221
15 0.162552
15 0.563755
15 1.18767
15 1.85371
15 2.36782
15 2.55912
15 2.57209
15 2.41788
15 2.24137
15 1.99751
15 1.73765
15 1.55699
15 1.39303
15 1.21743
15 1.09248
15 1.01989
15 0.927073
15 0.876342
15 0.814858
15 0.788665
15 0.7334
15 0.701741
15 0.695945
15 0.682153
15 0.672733
15 0.664685
15 0.675749
15 0.689447
15 0.70245
15 0.718007
15 0.740019
15 0.785816
15 0.811289
15 0.843704
15 0.895292
15 0.934075
15 0.970954
15 1.02428
15 1.06622
15 1.10174
15 1.14113
15 1.17968
15 1.21251
15 1.21537
15 1.2151
15 1.2125
15 1.21116
15 1.19982
15 1.17075
15 1.14963
15 1.11127
15 1.09596
15 1.06489
15 1.03022
15 1.01432
15 0.973181
15 0.957318
15 0.947014
15 0.923655
15 0.906316
15 0.909198
15 0.88999
15 0.877411
15 0.884286
16 0
16 0
16 0
16 0
16 0
16 0
16 0
16 0
16 0
16 0
16 0
16 0
16 0
16 0
16 0
16 0
16 0
16 0
16 0
16 0
16 0
16 0
16 0
16 0
16 0
16 0
16 0
16 0
16 0
16 0
16 0
16 0
16 0
16 0
16 0.00137558
16 0.0230387
16 0.16034
16 0.558554
16 1.15365
16 1.80901
16 2.34533
16 2.56058
16 2.56732
16 2.4252
16 2.18608
16 1.98175
16 1.75628
16 1.58582
16 1.39934
16 1.26163
16 1.12754
16 1.04002
16 0.952735
16 0.896859
16 0.834299
16 0.763646
16 0.748036
16 0.716136
16 0.680061
16 0.663592
16 0.645237
16 0.659086
16 0.674073
16 0.683519
16 0.696074
16 0.719788
16 0.747078
16 0.787613
16 0.823316
16 0.862212
16 0.907744
16 0.940054
16 0.968067
16 0.99935
16 1.05416
16 1.08857
16 1.12513
16 1.15257
16 1.18186
16 1.20569
16 1.21407
16 1.22816
16 1.2058
16 1.21196
16 1.1734
16 1.1538
16 1.1373
16 1.09544
16 1.05979
16 1.04658
16 1.01454
16 0.988801
16 0.971186
16 0.950473
16 0.927664
16 0.921217
16 0.909679
16 0.894284
16 0.894209
16 0.886634
17 0
17 0
17 0
17 0
17 0
17 0
17 0
17 0
17 0
17 0
17 0
17 0
17 0
17 0
17 0
17 0
17 0
17 0
17 0
17 0
17 0
17 0
17 0
17 0
17 0
17 0
17 0
17 0
17 0
17 0
17 0
17 0
17 0
17 0
17 0.00100876
17 0.0249442
17 0.172793
17 0.590379
17 1.22921
17 1.88988
17 2.42538
17 2.56729
17 2.52659
17 2.38927
17 2.18051
17 1.96066
17 1.73877
17 1.52598
17 1.3586
17 1.22875
17 1.11286
17 1.01182
17 0.940775
17 0.88191
17 0.828933
17 0.763185
17 0.746873
17 0.725876
17 0.697763
17 0.685576
17 0.661788
17 0.676979
17 0.673486
17 0.700005
17 0.699957
17 0.740855
17 0.760901
17 0.777934
17 0.815081
17 0.851794
17 0.886353
17 0.926239
17 0.991326
17 1.01372
17 1.05713
17 1.10256
17 1.13779
17 1.16483
17 1.20425
17 1.2018
17 1.22706
17 1.21545
17 1.19781
17 1.19577
17 1.16508
17 1.14551
17 1.09877
17 1.07735
17 1.0576
17 1.03131
17 1.00685
17 0.990574
17 0.966771
17 0.951871
17 0.934375
17 0.920463
17 0.911531
17 0.906686
17 0.885332
17 0.884374
18 0
18 0
18 0
18 0
18 0
18 0
18 0
18 0
18 0
18 0
18 0
18 0
18 0
18 0
18 0
18 0
18 0
18 0
18 0
18 0
18 0
18 0
18 0
18 0
18 0
18 0
18 0
18 0
18 0
18 0
18 0
18 0
18 0
18 0
18 0.000825347
18 0.0210467
18 0.171482
18 0.55087
18 1.20174
18 1.89576
18 2.32563
18 2.53877
18 2.53505
18 2.39775
18 2.18619
18 1.97226
18 1.75386
18 1.56715
18 1.38481
18 1.24581
18 1.12634
18 1.02162
18 0.951587
18 0.886524
18 0.84084
18 0.775163
18 0.748446
18 0.719867
18 0.699071
18 0.675679
18 0.680815
18 0.671813
18 0.67329
18 0.695105
18 0.698199
18 0.716302
18 0.742537
18 0.755917
18 0.803193
18 0.845331
18 0.88464
18 0.925726
18 0.968856
18 1.01448
18 1.04927
18 1.08571
18 1.12841
18 1.17325
18 1.19304
18 1.2038
18 1.2293
18 1.22116
18 1.22881
18 1.19871
18 1.1767
18 1.15143
18 1.1236
18 1.09834
18 1.07003
18 1.03647
18 1.0092
18 0.985398
18 0.967065
18 0.942169
18 0.92258
18 0.908207
18 0.91241
18 0.899486
18 0.884229
18 0.890758
19 0
19 0
19 0
19 0
19 0
19 0
19 0
19 0
19 0
19 0
19 0
19 0
19 0
19 0
19 0
19 0
19 0
19 0
19 0
19 0
19 0
19 0
19 0
19 0
19 0
19 0
19 0
19 0
19 0
19 0
19 0
19 0
19 0
19 0
19 0.00100876
19 0.0194877
19 0.145264
19 0.557312
19 1.17096
19 1.87883
19 2.32017
19 2.56786
19 2.55995
19 2.40144
19 2.20036
19 1.99393
19 1.75174
19 1.55685
19 1.38231
19 1.25477
19 1.12321
19 1.01265
19 0.947191
19 0.879812
19 0.824082
19 0.771265
19 0.736204
19 0.70851
19 0.692564
19 0.693192
19 0.684602
19 0.670486
19 0.670803
19 0.676616
19 0.693161
19 0.721543
19 0.742388
19 0.762122
19 0.805473
19 0.861625
19 0.892766
19 0.939541
19 0.968025
19 1.02095
19 1.05283
19 1.09104
19 1.1314
19 1.1584
19 1.19148
19 1.22021
19 1.21852
19 1.22014
19 1.22759
19 1.19674
19 1.16867
19 1.16174
19 1.12195
19 1.09459
19 1.0738
19 1.04582
19 0.997618
19 0.986545
19 0.957178
19 0.94815
19 0.927053
19 0.917507
19 0.906573
19 0.895742
19 0.881934
19 0.885421
20 0
20 0
20 0
20 0
20 0
20 0
20 0
20 0
20 0
20 0
20 0
20 0
20 0
20 0
20 0
20 0
20 0
20 0
20 0
20 0
20 0
20 0
20 0
20 0
20 0
20 0
20 0
20 0
20 0
20 0
20 0
20 0
20 0
20 0
20 0.00165069
20 0.0245111
20 0.168123
20 0.596588
20 1.25955
20 1.91765
20 2.36742
20 2.57718
20 2.54218
20 2.40398
20 2.15664
20 1.95143
20 1.71958
20 1.53328
20 1.34286
20 1.19961
20 1.0974
20 1.00738
20 0.916538
20 0.860477
20 0.815483
20 0.768713
20 0.759183
20 0.725182
20 0.705227
20 0.694703
20 0.687376
20 0.681799
20 0.691705
20 0.697975
20 0.717169
20 0.730983
20 0.758137
20 0.785457
20 0.825875
20 0.867207
20 0.900079
20 0.937193
20 0.988897
20 1.01968
20 1.06048
20 1.11076
20 1.14589
20 1.16183
20 1.18409
20 1.20572
20 1.21522
20 1.20088
20 1.19069
20 1.16344
20 1.15907
20 1.12916
20 1.09997
20 1.08948
20 1.04699
20 1.0122
20 1.00792
20 0.989309
20 0.959397
20 0.949736
20 0.934876
20 0.924305
20 0.91527
20 0.90641
20 0.903401
20 0.896194
21 0
21 0
21 0
21 0
21 0
21 0
21 0
21 0
21 0
21 0
21 0
21 0
21 0
21 0
21 0
21 0
21 0
21 0
21 0
21 0
21 0
21 0
21 0
21 0
21 0
21 0
21 0
21 0
21 0
21 0
21 0
21 0
21 0
21 0
21 0.00119217
21 0.0200939
21 0.157718
21 0.54598
21 1.19386
21 1.86295
21 2.2887
21 2.56431
21 2.55288
21 2.41488
21 2.22483
21 1.97289
21 1.75058
21 1.59656
21 1.4089
21 1.28243
21 1.14166
21 1.02421
21 0.935389
21 0.872337
21 0.808427
21 0.749577
21 0.739829
21 0.693223
21 0.681369
21 0.679163
21 0.651499
21 0.672823
21 0.664879
21 0.670904
21 0.691928
21 0.721594
21 0.748954
21 0.777886
21 0.815965
21 0.852856
21 0.903396
21 0.936894
21 0.977495
21 1.01913
21 1.06138
21 1.10166
21 1.12106
21 1.16336
21 1.1949
21 1.20854
21 1.22846
21 1.22129
21 1.20565
21 1.20676
21 1.18
21 1.16243
21 1.12049
21 1.10089
21 1.06826
21 1.03879
21 1.01325
21 0.981473
21 0.954384
21 0.938012
21 0.927787
21 0.917902
21 0.896785
21 0.890678
21 0.8873
21 0.880063
22 0
22 0
22 0
22 0
22 0
22 0
22 0
22 0
22 0
22 0
22 0
22 0
22 0
22 0
22 0
22 0
22 0
22 0
22 0
22 0
22 0
22 0
22 0
22 0
22 0
22 0
22 0
22 0
22 0
22 0
22 0
22 0
22 0
22 0
22 0.000275116
22 0.0232986
22 0.166239
22 0.537597
22 1.17486
22 1.83153
22 2.29894
22 2.52806
22 2.49964
22 2.43045
22 2.17599
22 1.97711
22 1.80182
22 1.57513
22 1.42222
22 1.26283
22 1.16011
22 1.05718
22 0.957131
22 0.887325
22 0.817798
22 0.776722
22 0.746223
22 0.71574
22 0.6829
22 0.681506
22 0.663488
22 0.657816
22 0.664488
22 0.678375
22 0.697648
22 0.709076
22 0.742759
22 0.781887
22 0.796191
22 0.847772
22 0.895116
22 0.941548
22 0.974131
22 1.01004
22 1.0554
22 1.08973
22 1.10769
22 1.13879
22 1.16574
22 1.1923
22 1.22125
22 1.21664
22 1.22116
22 1.21196
22 1.18482
22 1.1598
22 1.13841
22 1.10464
22 1.07258
22 1.0438
22 1.02689
22 0.990495
22 0.958798
22 0.957428
22 0.940181
22 0.929189
22 0.91159
22 0.893285
22 0.882958
22 0.893261
23 0
23 0
23 0
23 0
23 0
23 0
23 0
23 0
23 0
23 0
23 0
23 0
23 0
23 0
23 0
23 0
23 0
23 0
23 0
23 0
23 0
23 0
23 0
23 0
23 0
23 0
23 0
23 0
23 0
23 0
23 0
23 0
23 0
23 0
23 0.00155899
23 0.0297079
23 0.170909
23 0.568179
23 1.18105
23 1.86162
23 2.35072
23 2.55208
23 2.53021
23 2.40882
23 2.21926
23 1.99451
23 1.72599
23 1.55414
23 1.37771
23 1.21427
23 1.10177
23 1.01001
23 0.936419
23 0.877066
23 0.819047
23 0.791925
23 0.751011
23 0.721055
23 0.699103
23 0.710674
23 0.704166
23 0.679634
23 0.684635
23 0.703281
23 0.699406
23 0.729991
23 0.739106
23 0.78366
23 0.801541
23 0.834913
23 0.894391
23 0.91678
23 0.961214
23 1.00559
23 1.05082
23 1.08602
23 1.12005
23 1.16383
23 1.17834
23 1.20085
23 1.2311
23 1.1968
23 1.1973
23 1.20781
23 1.17887
23 1.15976
23 1.1319
23 1.10805
23 1.07664
23 1.03975
23 1.00152
23 0.982855
23 0.973673
23 0.947589
23 0.935378
23 0.92403
23 0.911086
23 0.909017
23 0.885714
23 0.889578
24 0
24 0
24 0
24 0
24 0
24 0
24 0
24 0
24 0
24 0
24 0
24 0
24 0
24 0
24 0
24 0
24 0
24 0
24 0
24 0
24 0
24 0
24 0
24 0
24 0
24 0
24 0
24 0
24 0
24 0
24 0
24 0
24 0
24 0
24 0.00165069
24 0.0207868
24 0.162797
24 0.530378
24 1.16308
24 1.80782
24 2.32277
24 2.52863
24 2.57922
24 2.42145
24 2.21044
24 1.99941
24 1.73134
24 1.58457
24 1.41957
24 1.28323
24 1.17038
24 1.04841
24 0.961725
24 0.882634
24 0.834446
24 0.795292
24 0.745266
24 0.709335
24 0.678753
24 0.65835
24 0.656957
24 0.649187
24 0.658787
24 0.66909
24 0.685657
24 0.71704
24 0.748559
24 0.762314
24 0.800634
24 0.851433
24 0.882795
24 0.930381
24 0.979655
24 1.01988
24 1.0542
24 1.09335
24 1.12308
24 1.16153
24 1.19159
24 1.18441
24 1.22332
24 1.217
24 1.21736
24 1.20884
24 1.1952
24 1.16888
24 1.13281
24 1.10696
24 1.07345
24 1.04882
24 1.02122
24 0.989348
24 0.984505
24 0.950148
24 0.929082
24 0.919494
24 0.909796
24 0.896248
24 0.874114
24 0.878519
25 0
25 0
25 0
25 0
25 0
25 0
25 0
25 0
25 0
25 0
25 0
25 0
25 0
25 0
25 0
25 0
25 0
25 0
25 0
25 0
25 0
25 0
25 0
25 0
25 0
25 0
25 0
25 0
25 0
25 0
25 0
25 0
25 0
25 0
25 0.000733642
25 0.0211333
25 0.146739
25 0.534026
25 1.14489
25 1.82867
25 2.32696
25 2.54308
25 2.56128
25 2.41771
25 2.23641
25 2.03558
25 1.78455
25 1.56342
25 1.39428
25 1.27201
25 1.14372
25 1.04442
25 0.949211
25 0.886944
25 0.811036
25 0.766729
25 0.7228
25 0.708708
25 0.681528
25 0.676234
25 0.655436
25 0.659951
25 0.676448
25 0.6689
25 0.691299
25 0.71961
25 0.744437
25 0.776377
25 0.804589
25 0.837851
25 0.880467
25 0.930445
25 0.964537
25 1.01808
25 1.05175
25 1.1003
25 1.14693
25 1.16505
25 1.19161
25 1.21273
25 1.22059
25 1.21235
25 1.21929
25 1.21119
25 1.17985
25 1.15178
25 1.12645
25 1.09946
25 1.07152
25 1.03774
25 1.01187
25 0.987458
25 0.971696
25 0.948288
25 0.938971
25 0.915197
25 0.906971
25 0.883858
25 0.881248
25 0.8796
26 0
26 0
26 0
26 0
26 0
26 0
26 0
26 0
26 0
26 0
26 0
26 0
26 0
26 0
26 0
26 0
26 0
26 0
26 0
26 0
26 0
26 0
26 0
26 0
26 0
26 0
26 0
26 0
26 0
26 0
26 0
26 0
26 0
26 0
26 0.0017424
26 0.0266764
26 0.175906
26 0.574156
26 1.19872
26 1.84378
26 2.33528
26 2.57414
26 2.54671
26 2.43749
26 2.19115
26 1.96203
26 1.7262
26 1.53624
26 1.39553
26 1.21864
26 1.13267
26 1.0296
26 0.959428
26 0.891215
26 0.822428
26 0.794158
26 0.738872
26 0.719801
26 0.67719
26 0.686408
26 0.679264
26 0.667946
26 0.677035
26 0.683708
26 0.693371
26 0.71704
26 0.741154
26 0.783372
26 0.801193
26 0.853693
26 0.89024
26 0.926175
26 0.960445
26 1.01713
26 1.05265
26 1.09029
26 1.12173
26 1.16738
26 1.1907
26 1.20612
26 1.21613
26 1.22474
26 1.22435
26 1.19245
26 1.17864
26 1.14277
26 1.13263
26 1.09503
26 1.07608
26 1.04736
26 1.02028
26 0.991369
26 0.981979
26 0.948625
26 0.944826
26 0.921912
26 0.919127
26 0.886637
26 0.895851
26 0.882158
27 0
27 0
27 0
27 0
27 0
27 0
27 0
27 0
27 0
27 0
27 0
27 0
27 0
27 0
27 0
27 0
27 0
27 0
27 0
27 0
27 0
27 0
27 0
27 0
27 0
27 0
27 0
27 0
27 0
27 0
27 0
27 0
27 0
27 0
27 0.000458526
27 0.0239915
27 0.165255
27 0.559952
27 1.20446
27 1.89163
27 2.34326
27 2.5524
27 2.58122
27 2.40519
27 2.25145
27 2.00864
27 1.76603
27 1.56159
27 1.36936
27 1.23343
27 1.09954
27 1.00051
27 0.9323
27 0.847358
27 0.791264
27 0.748053
27 0.716372
27 0.712471
27 0.676393
27 0.674476
27 0.666142
27 0.672823
27 0.686117
27 0.698922
27 0.707881
27 0.737853
27 0.76448
27 0.791518
27 0.822037
27 0.857376
27 0.907766
27 0.939221
27 0.977101
27 1.03705
27 1.04524
27 1.09395
27 1.1155
27 1.15595
27 1.19205
27 1.18859
27 1.21992
27 1.21687
27 1.21193
27 1.20502
27 1.18119
27 1.14771
27 1.13254
27 1.09105
27 1.07747
27 1.04055
27 1.0033
27 0.98266
27 0.96089
27 0.944417
27 0.926564
27 0.906855
27 0.901016
27 0.894353
27 0.87776
27 0.881661
28 0
28 0
28 0
28 0
28 0
28 0
28 0
28 0
28 0
28 0
28 0
28 0
28 0
28 0
28 0
28 0
28 0
28 0
28 0
28 0
28 0
28 0
28 0
28 0
28 0
28 0
28 0
28 0
28 0
28 0
28 0
28 0
28 0
28 0.000389046
28 0.00137558
28 0.017842
28 0.167468
28 0.56197
28 1.21963
28 1.87106
28 2.36669
28 2.57781
28 2.55415
28 2.42215
28 2.218
28 1.97178
28 1.72226
28 1.52453
28 1.36718
28 1.23102
28 1.11461
28 1.00767
28 0.923786
28 0.857388
28 0.814013
28 0.783491
28 0.734221
28 0.719867
28 0.698369
28 0.689985
28 0.67491
28 0.676488
28 0.686312
28 0.684331
28 0.712552
28 0.724571
28 0.756384
28 0.770531
28 0.818896
28 0.857896
28 0.894106
28 0.927093
28 0.973072
28 1.00909
28 1.07794
28 1.09893
28 1.14639
28 1.16803
28 1.18121
28 1.2128
28 1.21975
28 1.22173
28 1.20027
28 1.19779
28 1.16849
28 1.15299
28 1.12032
28 1.09
28 1.0491
28 1.01874
28 1.00849
28 0.973324
28 0.963123
28 0.948088
28 0.927775
28 0.912707
28 0.905869
28 0.889381
28 0.903896
28 0.886689
29 0
29 0
29 0
29 0
29 0
29 0
29 0
29 0
29 0
29 0
29 0
29 0
29 0
29 0
29 0
29 0
29 0
29 0
29 0
29 0
29 0
29 0
29 0
29 0
29 0
29 0
29 0
29 0
29 0
29 0
29 0
29 0
29 0
29 0
29 0.00155899
29 0.0209601
29 0.170253
29 0.564454
29 1.18053
29 1.84664
29 2.30919
29 2.56482
29 2.57868
29 2.4098
29 2.20212
29 1.99098
29 1.76143
29 1.57934
29 1.40096
29 1.27744
29 1.13657
29 1.0315
29 0.937409
29 0.868905
29 0.807839
29 0.759322
29 0.724168
29 0.703722
29 0.689502
29 0.670684
29 0.661788
29 0.668408
29 0.676839
29 0.682382
29 0.695234
29 0.71157
29 0.739871
29 0.774292
29 0.816337
29 0.863139
29 0.903352
29 0.94362
29 0.984037
29 1.02277
29 1.05576
29 1.1021
29 1.12974
29 1.16565
29 1.17572
29 1.19505
29 1.20226
29 1.21922
29 1.21476
29 1.20076
29 1.17147
29 1.14883
29 1.12862
29 1.09792
29 1.06861
29 1.03798
29 1.01305
29 0.978579
29 0.963965
29 0.947339
29 0.926247
29 0.921983
29 0.905365
29 0.899957
29 0.891373
29 0.888222
30 0
30 0
30 0
30 0
30 0
30 0
30 0
30 0
30 0
30 0
30 0
30 0
30 0
30 0
30 0
30 0
30 0
30 0
30 0
30 0
30 0
30 0
30 0
30 0
30 0
30 0
30 0
30 0
30 0
30 0
30 0
30 0
30 0
30 0
30 0.00110046
30 0.0196609
30 0.159684
30 0.584635
30 1.20999
30 1.90142
30 2.33122
30 2.57864
30 2.53197
30 2.40294
30 2.16172
30 1.94653
30 1.73846
30 1.53561
30 1.38973
30 1.23383
30 1.11688
30 1.00804
30 0.941211
30 0.859752
30 0.831101
30 0.779805
30 0.74383
30 0.716103
30 0.695818
30 0.676419
30 0.67995
30 0.685637
30 0.700228
30 0.698381
30 0.704759
30 0.739176
30 0.752188
30 0.779228
30 0.811754
30 0.844676
30 0.890548
30 0.929271
30 0.969375
30 1.02146
30 1.04663
30 1.09743
30 1.13541
30 1.17036
30 1.20005
30 1.20522
30 1.21599
30 1.20752
30 1.19629
30 1.19262
30 1.17295
30 1.14389
30 1.12213
30 1.09771
30 1.06628
30 1.01941
30 1.01011
30 0.984094
30 0.96681
30 0.945728
30 0.931185
30 0.920667
30 0.909398
30 0.894123
30 0.89242
30 0.883812
31 0
31 0
31 0
31 0
31 0
31 0
31 0
31 0
31 0
31 0
31 0
31 0
31 0
31 0
31 0
31 0
31 0
31 0
31 0
31 0
31 0
31 0
31 0
31 0
31 0
31 0
31 0
31 0
31 0
31 0
31 0
31 0
31 0
31 0
31 0.0018341
31 0.0252907
31 0.171318
31 0.562591
31 1.20358
31 1.86162
31 2.31758
31 2.53928
31 2.52224
31 2.39642
31 2.20218
31 1.9779
31 1.76552
31 1.58737
31 1.4011
31 1.26016
31 1.11876
31 1.03392
31 0.944973
31 0.881109
31 0.818312
31 0.756275
31 0.754635
31 0.703689
31 0.664655
31 0.668618
31 0.663339
31 0.652101
31 0.670524
31 0.681434
31 0.698278
31 0.718668
31 0.746856
31 0.78723
31 0.833273
31 0.853376
31 0.913213
31 0.93826
31 0.976166
31 1.03144
31 1.07102
31 1.0982
31 1.13583
31 1.14815
31 1.19389
31 1.19586
31 1.2103
31 1.20744
31 1.20828
31 1.18756
31 1.17256
31 1.15044
31 1.1181
31 1.10257
31 1.06464
31 1.04181
31 1.01558
31 0.988774
31 0.966299
31 0.94142
31 0.930598
31 0.916741
31 0.903783
31 0.889852
31 0.883261
31 0.87251
32 0
32 0
32 0
32 0
32 0
32 0
32 0
32 0
32 0
32 0
32 0
32 0
32 0
32 0
32 0
32 0
32 0
32 0
32 0
32 0
32 0
32 0
32 0
32 0
32 0
32 0
32 0
32 0
32 0
32 0
32 0
32 0
32 0
32 0
32 0.000825347
32 0.0239049
32 0.167713
32 0.569965
32 1.19548
32 1.84895
32 2.33455
32 2.57889
32 2.55342
32 2.41453
32 2.20014
32 1.97178
32 1.75921
32 1.54465
32 1.39716
32 1.22492
32 1.10742
32 1.02228
32 0.941884
32 0.876952
32 0.795454
32 0.783562
32 0.726425
32 0.705967
32 0.689981
32 0.672071
32 0.674075
32 0.671149
32 0.680639
32 0.700465
32 0.70531
32 0.724113
32 0.748683
32 0.798634
32 0.821153
32 0.856743
32 0.900167
32 0.942402
32 0.9787
32 1.02226
32 1.05389
32 1.08655
32 1.1288
32 1.15862
32 1.18229
32 1.20273
32 1.21838
32 1.20224
32 1.20984
32 1.20313
32 1.17867
32 1.1472
32 1.11844
32 1.08563
32 1.05104
32 1.02295
32 1.0001
32 0.983246
32 0.965955
32 0.941558
32 0.930488
32 0.91497
32 0.91057
32 0.902184
32 0.888358
32 0.893305
33 0
33 0
33 0
33 0
33 0
33 0
33 0
33 0
33 0
33 0
33 0
33 0
33 0
33 0
33 0
33 0
33 0
33 0
33 0
33 0
33 0
33 0
33 0
33 0
33 0
33 0
33 0
33 0
33 0
33 0
33 0
33 0
33 0
33 0
33 0.00100876
33 0.0213065
33 0.147558
33 0.55219
33 1.16411
33 1.81733
33 2.33508
33 2.52889
33 2.58074
33 2.42538
33 2.25768
33 2.00062
33 1.79894
33 1.60116
33 1.41897
33 1.26078
33 1.14329
33 1.05672
33 0.949369
33 0.87024
33 0.814931
33 0.769174
33 0.742872
33 0.716334
33 0.680635
33 0.66834
33 0.660148
33 0.641914
33 0.647665
33 0.659046
33 0.687599
33 0.702614
33 0.734193
33 0.75055
33 0.807799
33 0.848608
33 0.87322
33 0.933029
33 0.965326
33 1.02622
33 1.05912
33 1.10172
33 1.13175
33 1.16409
33 1.20307
33 1.21061
33 1.23492
33 1.22497
33 1.2338
33 1.21362
33 1.19206
33 1.16663
33 1.14217
33 1.09362
33 1.0897
33 1.04811
33 1.0239
33 0.989126
33 0.967052
33 0.941508
33 0.930953
33 0.912265
33 0.900383
33 0.893813
33 0.866509
33 0.863899
34 0
34 0
34 0
34 0
34 0
34 0
34 0
34 0
34 0
34 0
34 0
34 0
34 0
34 0
34 0
34 0
34 0
34 0
34 0
34 0
34 0
34 0
34 0
34 0
34 0
34 0
34 0
34 0
34 0
34 0
34 0
34 0
34 0
34 0
34 0.00155899
34 0.0233852
34 0.157062
34 0.572992
34 1.16639
34 1.84462
34 2.28936
34 2.56254
34 2.55632
34 2.46241
34 2.20267
34 2.02256
34 1.78349
34 1.54282
34 1.40393
34 1.24724
34 1.14256
34 1.02779
34 0.934756
34 0.868638
34 0.820958
34 0.786609
34 0.731691
34 0.703887
34 0.682102
34 0.664363
34 0.665009
34 0.671351
34 0.671502
34 0.677617
34 0.699459
34 0.714572
34 0.74187
34 0.760157
34 0.820362
34 0.847998
34 0.896236
34 0.928801
34 0.973778
34 1.00854
34 1.05155
34 1.08537
34 1.14076
34 1.16605
34 1.18592
34 1.21845
34 1.23235
34 1.24022
34 1.22835
34 1.20183
34 1.18651
34 1.15346
34 1.12614
34 1.10003
34 1.07435
34 1.03458
34 1.00504
34 0.98322
34 0.964577
34 0.925088
34 0.914977
34 0.911164
34 0.897805
34 0.900795
34 0.886704
34 0.884197
35 0
35 0
35 0
35 0
35 0
35 0
35 0
35 0
35 0
35 0
35 0
35 0
35 0
35 0
35 0
35 0
35 0
35 0
35 0
35 0
35 0
35 0
35 0
35 0
35 0
35 0
35 0
35 0
35 0
35 0
35 0
35 0
35 0
35 0
35 0.00165069
35 0.0291016
35 0.172957
35 0.593173
35 1.22339
35 1.89764
35 2.35624
35 2.50366
35 2.53487
35 2.38234
35 2.18112
35 1.95433
35 1.76254
35 1.54175
35 1.36324
35 1.22211
35 1.12441
35 1.02837
35 0.941726
35 0.86471
35 0.817247
35 0.790791
35 0.750874
35 0.710193
35 0.702963
35 0.692082
35 0.674313
35 0.68581
35 0.682316
35 0.690774
35 0.720502
35 0.728591
35 0.745276
35 0.779324
35 0.808614
35 0.840856
35 0.893359
35 0.934886
35 0.972989
35 1.01903
35 1.06335
35 1.10867
35 1.13293
35 1.15718
35 1.19442
35 1.21385
35 1.20491
35 1.22463
35 1.19079
35 1.17394
35 1.18532
35 1.1461
35 1.1199
35 1.09001
35 1.06545
35 1.02865
35 0.996805
35 0.982021
35 0.95432
35 0.944754
35 0.935818
35 0.922318
35 0.907944
35 0.902081
35 0.893117
35 0.893261
36 0
36 0
36 0
36 0
36 0
36 0
36 0
36 0
36 0
36 0
36 0
36 0
36 0
36 0
36 0
36 0
36 0
36 0
36 0
36 0
36 0
36 0
36 0
36 0
36 0
36 0
36 0
36 0
36 0
36 0
36 0
36 0
36 0
36 0.000194523
36 0.000550231
36 0.0197475
36 0.184427
36 0.599693
36 1.1784
36 1.8472
36 2.30566
36 2.56444
36 2.51716
36 2.42088
36 2.22307
36 1.97637
36 1.76385
36 1.57833
36 1.42138
36 1.2508
36 1.13546
36 1.05174
36 0.953844
36 0.863833
36 0.822796
36 0.76843
36 0.719723
36 0.689724
36 0.664528
36 0.663314
36 0.650485
36 0.667138
36 0.655406
36 0.669929
36 0.690826
36 0.72223
36 0.743154
36 0.773837
36 0.817756
36 0.855433
36 0.88789
36 0.935378
36 0.970725
36 1.02976
36 1.06113
36 1.1102
36 1.14919
36 1.17685
36 1.20133
36 1.22645
36 1.22061
36 1.21813
36 1.21287
36 1.19882
36 1.17324
36 1.15959
36 1.12627
36 1.09698
36 1.06918
36 1.03464
36 1.00468
36 0.985815
36 0.963773
36 0.945703
36 0.93094
36 0.919434
36 0.894018
36 0.873753
36 0.877422
36 0.872212
37 0
37 0
37 0
37 0
37 0
37 0
37 0
37 0
37 0
37 0
37 0
37 0
37 0
37 0
37 0
37 0
37 0
37 0
37 0
37 0
37 0
37 0
37 0
37 0
37 0
37 0
37 0
37 0
37 0
37 0
37 0
37 0
37 0
37 0
37 0.00110046
37 0.0195743
37 0.15993
37 0.5799
37 1.1767
37 1.88498
37 2.32902
37 2.59315
37 2.551
37 2.42145
37 2.21502
37 1.93677
37 1.73341
37 1.56434
37 1.39572
37 1.24848
37 1.12856
37 1.0096
37 0.933092
37 0.873215
37 0.806516
37 0.767544
37 0.755798
37 0.717688
37 0.703664
37 0.672503
37 0.670317
37 0.664367
37 0.654372
37 0.689691
37 0.689147
37 0.730067
37 0.762851
37 0.773286
37 0.811498
37 0.848879
37 0.900453
37 0.94157
37 0.972096
37 1.01824
37 1.07232
37 1.09898
37 1.13341
37 1.17786
37 1.18714
37 1.20976
37 1.2156
37 1.22103
37 1.20894
37 1.19813
37 1.17439
37 1.14508
37 1.1256
37 1.08432
37 1.05827
37 1.04214
37 1.00487
37 0.989544
37 0.959027
37 0.941508
37 0.930989
37 0.922965
37 0.901169
37 0.887222
37 0.885455
37 0.883481
38 0
38 0
38 0
38 0
38 0
38 0
38 0
38 0
38 0
38 0
38 0
38 0
38 0
38 0
38 0
38 0
38 0
38 0
38 0
38 0
38 0
38 0
38 0
38 0
38 0
38 0
38 0
38 0
38 0
38 0
38 0
38 0
38 0
38 9.72615e-05
38 0.00128387
38 0.0260702
38 0.176972
38 0.556459
38 1.21765
38 1.88932
38 2.36562
38 2.55943
38 2.56949
38 2.3989
38 2.20311
38 1.97078
38 1.73977
38 1.5506
38 1.38718
38 1.21614
38 1.11046
38 1.00083
38 0.929766
38 0.874969
38 0.801518
38 0.773639
38 0.742154
38 0.71508
38 0.707077
38 0.678207
38 0.67983
38 0.676748
38 0.677063
38 0.701169
38 0.711554
38 0.7291
38 0.750139
38 0.789841
38 0.811079
38 0.855207
38 0.8974
38 0.926794
38 0.97681
38 1.02075
38 1.05499
38 1.09569
38 1.14182
38 1.16365
38 1.18399
38 1.20145
38 1.22839
38 1.21151
38 1.20918
38 1.19721
38 1.17205
38 1.14281
38 1.11768
38 1.08603
38 1.05938
38 1.02523
38 1.00643
38 0.988162
38 0.959755
38 0.95056
38 0.932236
38 0.92002
38 0.904955
38 0.901955
38 0.887627
38 0.893051
39 0
39 0
39 0
39 0
39 0
39 0
39 0
39 0
39 0
39 0
39 0
39 0
39 0
39 0
39 0
39 0
39 0
39 0
39 0
39 0
39 0
39 0
39 0
39 0
39 0
39 0
39 0
39 0
39 0
39 0
39 0
39 0
39 0
39 0
39 0.000641936
39 0.0225191
39 0.168942
39 0.567403
39 1.20726
39 1.85049
39 2.34233
39 2.58764
39 2.55276
39 2.43518
39 2.21232
39 1.98549
39 1.72857
39 1.5328
39 1.37725
39 1.23802
39 1.09488
39 0.991945
39 0.932815
39 0.861545
39 0.804825
39 0.758933
39 0.745642
39 0.725942
39 0.70124
39 0.679872
39 0.68994
39 0.687051
39 0.673793
39 0.692425
39 0.71103
39 0.721569
39 0.758877
39 0.777479
39 0.811801
39 0.849376
39 0.888725
39 0.936616
39 0.96761
39 1.01446
39 1.06274
39 1.1039
39 1.14012
39 1.16585
39 1.18762
39 1.2123
39 1.21722
39 1.21715
39 1.20134
39 1.18835
39 1.18197
39 1.15592
39 1.11842
39 1.09664
39 1.05998
39 1.03742
39 1.00971
39 0.980521
39 0.963531
39 0.934253
39 0.927408
39 0.913258
39 0.906772
39 0.901151
39 0.876893
39 0.886392
40 0
40 0
40 0
40 0
40 0
40 0
40 0
40 0
40 0
40 0
40 0
40 0
40 0
40 0
40 0
40 0
40 0
40 0
40 0
40 0
40 0
40 0
40 0
40 0
40 0
40 0
40 0
40 0
40 0
40 0
40 0
40 0
40 0
40 0
40 0.00192581
40 0.0255505
40 0.166976
40 0.581375
40 1.19261
40 1.85497
40 2.28963
40 2.55202
40 2.57125
40 2.41355
40 2.19214
40 1.96235
40 1.74649
40 1.55409
40 1.37767
40 1.26163
40 1.14658
40 1.0287
40 0.95428
40 0.87535
40 0.815446
40 0.776191
40 0.732375
40 0.720527
40 0.683219
40 0.658936
40 0.675119
40 0.665175
40 0.66432
40 0.682571
40 0.705152
40 0.71129
40 0.753891
40 0.77125
40 0.815127
40 0.850483
40 0.891712
40 0.945285
40 0.972283
40 1.02505
40 1.05519
40 1.10498
40 1.13015
40 1.16511
40 1.18124
40 1.2062
40 1.22328
40 1.22635
40 1.21544
40 1.19923
40 1.17465
40 1.15162
40 1.13003
40 1.09945
40 1.06667
40 1.03451
40 1.00478
40 0.989687
40 0.97093
40 0.950935
40 0.929486
40 0.915664
40 0.896093
40 0.9044
40 0.88217
40 0.883216
41 0
41 0
41 0
41 0
41 0
41 0
41 0
41 0
41 0
41 0
41 0
41 0
41 0
41 0
41 0
41 0
41 0
41 0
41 0
41 0
41 0
41 0
41 0
41 0
41 0
41 0
41 0
41 0
41 0
41 0
41 0
41 0
41 0
41 0
41 0.00293457
41 0.0210467
41 0.156161
41 0.558477
41 1.1795
41 1.83468
41 2.33574
41 2.54555
41 2.51928
41 2.40951
41 2.19688
41 1.95707
41 1.78738
41 1.57591
41 1.38774
41 1.2471
41 1.1364
41 1.02545
41 0.953844
41 0.889385
41 0.831689
41 0.792421
41 0.744924
41 0.721947
41 0.692756
41 0.68832
41 0.677534
41 0.670024
41 0.685166
41 0.673475
41 0.711266
41 0.70816
41 0.745326
41 0.770819
41 0.793795
41 0.842438
41 0.878469
41 0.920175
41 0.951619
41 1.01717
41 1.03595
41 1.09073
41 1.13091
41 1.14828
41 1.19145
41 1.20765
41 1.21574
41 1.22168
41 1.21305
41 1.202
41 1.18236
41 1.15807
41 1.13389
41 1.09848
41 1.08292
41 1.04623
41 1.02877
41 1.00413
41 0.968213
41 0.965469
41 0.93682
41 0.926244
41 0.920979
41 0.902965
41 0.883396
41 0.881243
42 0
42 0
42 0
42 0
42 0
42 0
42 0
42 0
42 0
42 0
42 0
42 0
42 0
42 0
42 0
42 0
42 0
42 0
42 0
42 0
42 0
42 0
42 0
42 0
42 0
42 0
42 0
42 0
42 0
42 0
42 0
42 0
42 0
42 0
42 0.00165069
42 0.0252907
42 0.17435
42 0.584635
42 1.24799
42 1.90107
42 2.38399
42 2.5851
42 2.60183
42 2.39532
42 2.16376
42 1.92074
42 1.73463
42 1.5359
42 1.36454
42 1.201
42 1.08152
42 1.00902
42 0.917489
42 0.851858
42 0.806663
42 0.761697
42 0.736922
42 0.721815
42 0.705993
42 0.679933
42 0.6849
42 0.684281
42 0.693885
42 0.695376
42 0.727534
42 0.747165
42 0.773416
42 0.792165
42 0.835646
42 0.855048
42 0.900892
42 0.954808
42 0.978534
42 1.01649
42 1.0473
42 1.09806
42 1.13889
42 1.16014
42 1.1873
42 1.19683
42 1.20602
42 1.21669
42 1.1985
42 1.17964
42 1.16647
42 1.1357
42 1.10354
42 1.07983
42 1.05097
42 1.03703
42 1.01009
42 0.990143
42 0.965496
42 0.951584
42 0.938568
42 0.918943
42 0.907663
42 0.898016
42 0.886659
42 0.883657
43 0
43 0
43 0
43 0
43 0
43 0
43 0
43 0
43 0
43 0
43 0
43 0
43 0
43 0
43 0
43 0
43 0
43 0
43 0
43 0
43 0
43 0
43 0
43 0
43 0
43 0
43 0
43 0
43 0
43 0
43 0
43 0
43 0
43 0
43 0.00155899
43 0.0267631
43 0.174432
43 0.563056
43 1.20807
43 1.89107
43 2.33761
43 2.52242
43 2.51341
43 2.37231
43 2.16899
43 1.98628
43 1.769
43 1.57208
43 1.36328
43 1.25802
43 1.12925
43 1.01051
43 0.942835
43 0.876723
43 0.816144
43 0.785688
43 0.748925
43 0.7337
43 0.699932
43 0.690509
43 0.681172
43 0.666993
43 0.67846
43 0.696107
43 0.710164
43 0.718363
43 0.754878
43 0.783828
43 0.788374
43 0.833489
43 0.885826
43 0.92562
43 0.971369
43 0.991167
43 1.04862
43 1.09523
43 1.12507
43 1.16638
43 1.18548
43 1.21019
43 1.22199
43 1.23118
43 1.20282
43 1.19491
43 1.18055
43 1.15753
43 1.12125
43 1.09519
43 1.06777
43 1.04887
43 1.0161
43 0.995385
43 0.970139
43 0.958901
43 0.947528
43 0.922175
43 0.9152
43 0.894031
43 0.886805
43 0.879754
44 0
44 0
44 0
44 0
44 0
44 0
44 0
44 0
44 0
44 0
44 0
44 0
44 0
44 0
44 0
44 0
44 0
44 0
44 0
44 0
44 0
44 0
44 0
44 0
44 0
44 0
44 0
44 0
44 0
44 0
44 0
44 0
44 0
44 0
44 0.000458526
44 0.0213931
44 0.161568
44 0.558011
44 1.19342
44 1.86476
44 2.37314
44 2.58536
44 2.56478
44 2.41165
44 2.19589
44 1.95633
44 1.74911
44 1.57513
44 1.37507
44 1.23868
44 1.12069
44 1.03026
44 0.935904
44 0.859104
44 0.801738
44 0.755212
44 0.731041
44 0.694907
44 0.69585
44 0.671824
44 0.662414
44 0.679375
44 0.672536
44 0.683031
44 0.700298
44 0.733502
44 0.758927
44 0.775754
44 0.820222
44 0.851952
44 0.89382
44 0.94283
44 0.994878
44 1.02249
44 1.06044
44 1.11999
44 1.151
44 1.17019
44 1.19286
44 1.20073
44 1.2197
44 1.21751
44 1.19969
44 1.19005
44 1.17581
44 1.13997
44 1.11135
44 1.09691
44 1.06709
44 1.03294
44 1.00423
44 0.978214
44 0.956068
44 0.939348
44 0.91868
44 0.906986
44 0.906889
44 0.891896
44 0.887402
44 0.877306
45 0
45 0
45 0
45 0
45 0
45 0
45 0
45 0
45 0
45 0
45 0
45 0
45 0
45 0
45 0
45 0
45 0
45 0
45 0
45 0
45 0
45 0
45 0
45 0
45 0
45 0
45 0
45 0
45 0
45 0
45 0
45 0
45 0
45 0
45 0.000917052
45 0.0195743
45 0.157226
45 0.544039
45 1.15962
45 1.77263
45 2.31032
45 2.51621
45 2.56412
45 2.43738
45 2.22296
45 2.01628
45 1.7944
45 1.60281
45 1.43178
45 1.28827
45 1.15061
45 1.04569
45 0.973329
45 0.878744
45 0.824817
45 0.769422
45 0.726767
45 0.689757
45 0.662518
45 0.653571
45 0.656688
45 0.651842
45 0.662392
45 0.66419
45 0.692794
45 0.726174
45 0.737304
45 0.761906
45 0.800355
45 0.843817
45 0.891426
45 0.930958
45 0.956956
45 1.02059
45 1.06848
45 1.11449
45 1.13317
45 1.17267
45 1.19616
45 1.20563
45 1.22372
45 1.2288
45 1.21359
45 1.20477
45 1.17234
45 1.15268
45 1.12712
45 1.10106
45 1.08659
45 1.04417
45 1.02295
45 0.994811
45 0.973559
45 0.956179
45 0.943042
45 0.918979
45 0.915341
45 0.895409
45 0.876747
45 0.869423
46 0
46 0
46 0
46 0
46 0
46 0
46 0
46 0
46 0
46 0
46 0
46 0
46 0
46 0
46 0
46 0
46 0
46 0
46 0
46 0
46 0
46 0
46 0
46 0
46 0
46 0
46 0
46 0
46 0
46 0
46 0
46 0
46 0
46 0
46 0.00119217
46 0.0270229
46 0.164108
46 0.573535
46 1.22766
46 1.89806
46 2.37075
46 2.54315
46 2.53088
46 2.42717
46 2.14612
46 1.94663
46 1.73579
46 1.54707
46 1.37985
46 1.24693
46 1.12617
46 1.02121
46 0.966319
46 0.887478
46 0.813425
46 0.773498
46 0.731144
46 0.693388
46 0.697126
46 0.676079
46 0.671689
46 0.660471
46 0.669965
46 0.676561
46 0.697937
46 0.725131
46 0.753644
46 0.78608
46 0.810451
46 0.867297
46 0.917869
46 0.953954
46 0.996269
46 1.03318
46 1.06956
46 1.11561
46 1.12905
46 1.15665
46 1.17621
46 1.19883
46 1.1983
46 1.21562
46 1.20588
46 1.18816
46 1.16968
46 1.13473
46 1.10357
46 1.09262
46 1.07395
46 1.03477
46 1.00691
46 0.977353
46 0.968519
46 0.94669
46 0.922262
46 0.91807
46 0.90996
46 0.890598
46 0.891103
46 0.880713
47 0
47 0
47 0
47 0
47 0
47 0
47 0
47 0
47 0
47 0
47 0
47 0
47 0
47 0
47 0
47 0
47 0
47 0
47 0
47 0
47 0
47 0
47 0
47 0
47 0
47 0
47 0
47 0
47 0
47 0
47 0
47 0
47 0
47 0
47 0.00146728
47 0.0218262
47 0.157882
47 0.544117
47 1.20645
47 1.87729
47 2.34692
47 2.54194
47 2.58648
47 2.43086
47 2.21111
47 1.98765
47 1.75966
47 1.53798
47 1.38862
47 1.2357
47 1.1129
47 1.00096
47 0.917687
47 0.868028
47 0.813608
47 0.770911
47 0.730357
47 0.699496
47 0.691671
47 0.684373
47 0.676341
47 0.65822
47 0.672759
47 0.679675
47 0.717615
47 0.723604
47 0.749942
47 0.792908
47 0.818943
47 0.858981
47 0.904033
47 0.948445
47 0.978222
47 1.02049
47 1.05599
47 1.09707
47 1.12339
47 1.17052
47 1.19153
47 1.20399
47 1.20157
47 1.2277
47 1.2109
47 1.19837
47 1.17188
47 1.1537
47 1.12774
47 1.09174
47 1.06244
47 1.03084
47 1.00524
47 0.975775
47 0.953682
47 0.940134
47 0.926051
47 0.912672
47 0.909761
47 0.887727
47 0.884263
47 0.889258
48 0
48 0
48 0
48 0
48 0
48 0
48 0
48 0
48 0
48 0
48 0
48 0
48 0
48 0
48 0
48 0
48 0
48 0
48 0
48 0
48 0
48 0
48 0
48 0
48 0
48 0
48 0
48 0
48 0
48 0
48 0
48 0
48 0
48 0
48 0.00110046
48 0.0256371
48 0.162552
48 0.560107
48 1.17648
48 1.84839
48 2.37354
48 2.51158
48 2.55729
48 2.41482
48 2.19214
48 1.97336
48 1.77335
48 1.58679
48 1.40273
48 1.268
48 1.12929
48 1.03545
48 0.926479
48 0.877982
48 0.805928
48 0.765418
48 0.719552
48 0.710589
48 0.695786
48 0.681352
48 0.671391
48 0.680471
48 0.675218
48 0.687417
48 0.682797
48 0.702003
48 0.745943
48 0.778078
48 0.799099
48 0.848563
48 0.874691
48 0.948851
48 0.973508
48 1.03406
48 1.06187
48 1.1004
48 1.14091
48 1.16322
48 1.1775
48 1.21955
48 1.22509
48 1.21687
48 1.21909
48 1.20692
48 1.18965
48 1.15934
48 1.12668
48 1.10079
48 1.06591
48 1.03113
48 1.00672
48 0.987275
48 0.965215
48 0.932592
48 0.927799
48 0.909823
48 0.898367
48 0.885167
48 0.882395
48 0.87283
49 0
49 0
49 0
49 0
49 0
49 0
49 0
49 0
49 0
49 0
49 0
49 0
49 0
49 0
49 0
49 0
49 0
49 0
49 0
49 0
49 0
49 0
49 0
49 0
49 0
49 0
49 0
49 0
49 0
49 0
49 0
49 0
49 0
49 0
49 0.000825347
49 0.0210467
49 0.174022
49 0.587196
49 1.20881
49 1.85168
49 2.31831
49 2.53155
49 2.55124
49 2.39977
49 2.20014
49 1.99551
49 1.76794
49 1.5656
49 1.40185
49 1.25512
49 1.09967
49 1.01248
49 0.93832
49 0.883168
49 0.812506
49 0.764248
49 0.745232
49 0.709764
49 0.700889
49 0.698156
49 0.672971
49 0.677152
49 0.676168
49 0.685982
49 0.698462
49 0.734367
49 0.732293
49 0.766961
49 0.819617
49 0.849693
49 0.892437
49 0.919299
49 0.98358
49 1.01554
49 1.04939
49 1.08945
49 1.12513
49 1.14759
49 1.18332
49 1.19936
49 1.22012
49 1.21613
49 1.21563
49 1.19021
49 1.18529
49 1.16322
49 1.12922
49 1.08904
49 1.05916
49 1.03321
49 1.01293
49 0.990026
49 0.975192
49 0.955492
49 0.930757
49 0.929488
49 0.914895
49 0.907891
49 0.891261
49 0.903427
50 0
50 0
50 0
50 0
50 0
50 0
50 0
50 0
50 0
50 0
50 0
50 0
50 0
50 0
50 0
50 0
50 0
50 0
50 0
50 0
50 0
50 0
50 0
50 0
50 0
50 0
50 0
50 0
50 0
50 0
50 0
50 0
50 0
50 0
50 0.00165069
50 0.0213931
50 0.163371
50 0.566705
50 1.18245
50 1.85518
50 2.31192
50 2.53155
50 2.54744
50 2.45347
50 2.21166
50 1.99103
50 1.75113
50 1.56705
50 1.39178
50 1.23793
50 1.10977
50 1.04121
50 0.945132
50 0.876418
50 0.806332
50 0.775128
50 0.748343
50 0.718612
50 0.690906
50 0.664239
50 0.670943
50 0.669735
50 0.671585
50 0.685035
50 0.695916
50 0.719915
50 0.749028
50 0.763895
50 0.812126
50 0.846483
50 0.877854
50 0.939264
50 0.980714
50 1.01024
50 1.07554
50 1.10454
50 1.13705
50 1.16747
50 1.18479
50 1.21936
50 1.21116
50 1.22177
50 1.21964
50 1.19439
50 1.1628
50 1.14411
50 1.11669
50 1.08556
50 1.06206
50 1.04019
50 1.02056
50 0.987053
50 0.962855
50 0.94885
50 0.935072
50 0.916071
50 0.913618
50 0.889278
50 0.883644
50 0.886535
51 0
51 0
51 0
51 0
51 0
51 0
51 0
51 0
51 0
51 0
51 0
51 0
51 0
51 0
51 0
51 0
51 0
51 0
51 0
51 0
51 0
51 0
51 0
51 0
51 0
51 0
51 0
51 0
51 0
51 0
51 0
51 0
51 0
51 0
51 0.00100876
51 0.0239049
51 0.158045
51 0.585101
51 1.22361
51 1.84525
51 2.38945
51 2.56153
51 2.57161
51 2.4124
51 2.20339
51 1.97358
51 1.75108
51 1.5701
51 1.37618
51 1.23196
51 1.0903
51 1.02508
51 0.928974
51 0.84057
51 0.785458
51 0.751314
51 0.724818
51 0.703227
51 0.686345
51 0.664949
51 0.670884
51 0.666647
51 0.688436
51 0.68831
51 0.699931
51 0.72793
51 0.760556
51 0.786535
51 0.831202
51 0.863523
51 0.908513
51 0.949449
51 0.986218
51 1.03164
51 1.07273
51 1.10565
51 1.13227
51 1.16909
51 1.18353
51 1.18838
51 1.21783
51 1.20676
51 1.21478
51 1.19928
51 1.17647
51 1.15328
51 1.1113
51 1.09235
51 1.05787
51 1.02558
51 1.00844
51 0.980221
51 0.963429
51 0.939385
51 0.926393
51 0.905155
51 0.91588
51 0.890104
51 0.887604
51 0.883734
52 0
52 0
52 0
52 0
52 0
52 0
52 0
52 0
52 0
52 0
52 0
52 0
52 0
52 0
52 0
52 0
52 0
52 0
52 0
52 0
52 0
52 0
52 0
52 0
52 0
52 0
52 0
52 0
52 0
52 0
52 0
52 0
52 0
52 0
52 0.00110046
52 0.0271095
52 0.179675
52 0.552811
52 1.20218
52 1.85749
52 2.2887
52 2.51456
52 2.55004
52 2.38384
52 2.20973
52 2.01344
52 1.79036
52 1.55389
52 1.41823
52 1.24113
52 1.12548
52 1.03841
52 0.938359
52 0.857083
52 0.8085
52 0.771903
52 0.73087
52 0.713627
52 0.69467
52 0.681074
52 0.672643
52 0.674324
52 0.682512
52 0.678754
52 0.702922
52 0.715946
52 0.754409
52 0.7816
52 0.81536
52 0.846506
52 0.882685
52 0.942851
52 0.969375
52 1.01675
52 1.04765
52 1.09799
52 1.12263
52 1.14909
52 1.18711
52 1.20565
52 1.21739
52 1.22357
52 1.21361
52 1.2018
52 1.17383
52 1.15241
52 1.12496
52 1.09395
52 1.06532
52 1.03376
52 1.01335
52 0.991278
52 0.976301
52 0.960874
52 0.937981
52 0.916897
52 0.904627
52 0.890127
52 0.894602
52 0.886215
53 0
53 0
53 0
53 0
53 0
53 0
53 0
53 0
53 0
53 0
53 0
53 0
53 0
53 0
53 0
53 0
53 0
53 0
53 0
53 0
53 0
53 0
53 0
53 0
53 0
53 0
53 0
53 0
53 0
53 0
53 0
53 0
53 0
53 0
53 0.000825347
53 0.0239915
53 0.162961
53 0.562668
53 1.23723
53 1.8938
53 2.3436
53 2.57325
53 2.54913
53 2.4188
53 2.20069
53 1.94885
53 1.75876
53 1.55254
53 1.37261
53 1.24621
53 1.11885
53 1.01985
53 0.928142
53 0.866045
53 0.831212
53 0.764248
53 0.728237
53 0.700058
53 0.67365
53 0.677004
53 0.67992
53 0.666156
53 0.677761
53 0.678727
53 0.701059
53 0.715539
53 0.738859
53 0.764757
53 0.807916
53 0.85715
53 0.907525
53 0.939328
53 0.992593
53 1.03402
53 1.07039
53 1.10404
53 1.14186
53 1.17183
53 1.19377
53 1.21698
53 1.21234
53 1.21284
53 1.20683
53 1.19877
53 1.17136
53 1.14297
53 1.11772
53 1.10036
53 1.06129
53 1.03512
53 1.00522
53 0.986506
53 0.967116
53 0.951359
53 0.930403
53 0.915987
53 0.907557
53 0.90006
53 0.877591
53 0.886193
54 0
54 0
54 0
54 0
54 0
54 0
54 0
54 0
54 0
54 0
54 0
54 0
54 0
54 0
54 0
54 0
54 0
54 0
54 0
54 0
54 0
54 0
54 0
54 0
54 0
54 0
54 0
54 0
54 0
54 0
54 0
54 0
54 0
54 0
54 0.00110046
54 0.0231254
54 0.166484
54 0.571439
54 1.20498
54 1.87736
54 2.33361
54 2.51488
54 2.57221
54 2.37335
54 2.19247
54 1.95612
54 1.79349
54 1.55805
54 1.38871
54 1.24452
54 1.11016
54 1.01018
54 0.945845
54 0.87371
54 0.822906
54 0.781825
54 0.746018
54 0.716037
54 0.71486
54 0.700931
54 0.685676
54 0.669273
54 0.669825
54 0.694239
54 0.721368
54 0.720653
54 0.757174
54 0.766434
54 0.81315
54 0.843387
54 0.880489
54 0.915691
54 0.9787
54 1.00691
54 1.0393
54 1.07342
54 1.11037
54 1.13346
54 1.17449
54 1.19883
54 1.20233
54 1.21628
54 1.21685
54 1.21587
54 1.18025
54 1.16055
54 1.13637
54 1.10164
54 1.08617
54 1.05207
54 1.01849
54 0.991838
54 0.975715
54 0.95764
54 0.948811
54 0.9278
54 0.914485
54 0.902621
54 0.884274
54 0.891309
55 0
55 0
55 0
55 0
55 0
55 0
55 0
55 0
55 0
55 0
55 0
55 0
55 0
55 0
55 0
55 0
55 0
55 0
55 0
55 0
55 0
55 0
55 0
55 0
55 0
55 0
55 0
55 0
55 0
55 0
55 0
55 0
55 0
55 0
55 0.00100876
55 0.0226923
55 0.15739
55 0.561504
55 1.17582
55 1.82006
55 2.34719
55 2.56501
55 2.53831
55 2.38661
55 2.20918
55 2.01033
55 1.76749
55 1.57634
55 1.40718
55 1.26091
55 1.12497
55 1.02549
55 0.927667
55 0.862193
55 0.821877
55 0.785334
55 0.727519
55 0.712537
55 0.699039
55 0.674908
55 0.677057
55 0.670428
55 0.671977
55 0.68674
55 0.703972
55 0.719483
55 0.739056
55 0.771801
55 0.809032
55 0.85141
55 0.883037
55 0.944303
55 0.985387
55 1.00778
55 1.04909
55 1.09642
55 1.12045
55 1.15575
55 1.19199
55 1.19841
55 1.21677
55 1.20762
55 1.20877
55 1.20475
55 1.16956
55 1.15482
55 1.1282
55 1.09109
55 1.07722
55 1.04471
55 1.02522
55 0.995737
55 0.966682
55 0.949374
55 0.930427
55 0.926041
55 0.91384
55 0.897545
55 0.893623
55 0.890835
56 0
56 0
56 0
56 0
56 0
56 0
56 0
56 0
56 0
56 0
56 0
56 0
56 0
56 0
56 0
56 0
56 0
56 0
56 0
56 0
56 0
56 0
56 0
56 0
56 0
56 0
56 0
56 0
56 0
56 0
56 0
56 0
56 0
56 0
56 0.00146728
56 0.0244245
56 0.171892
56 0.58153
56 1.19644
56 1.88141
56 2.35498
56 2.55373
56 2.54067
56 2.4417
56 2.18283
56 1.97737
56 1.75295
56 1.54315
56 1.40305
56 1.23917
56 1.13623
56 1.00092
56 0.929488
56 0.870392
56 0.815446
56 0.775234
56 0.732477
56 0.71092
56 0.676521
56 0.669358
56 0.667842
56 0.675392
56 0.660911
56 0.702468
56 0.712866
56 0.719381
56 0.753595
56 0.778246
56 0.82299
56 0.859862
56 0.88677
56 0.933819
56 0.986051
56 1.01786
56 1.0488
56 1.08611
56 1.13345
56 1.17123
56 1.19525
56 1.21829
56 1.21183
56 1.22913
56 1.20445
56 1.19062
56 1.18496
56 1.1473
56 1.13214
56 1.09338
56 1.06292
56 1.04303
56 1.00883
56 0.989465
56 0.976455
56 0.940022
56 0.933018
56 0.90938
56 0.898754
56 0.880608
56 0.874677
56 0.878563
57 0
57 0
57 0
57 0
57 0
57 0
57 0
57 0
57 0
57 0
57 0
57 0
57 0
57 0
57 0
57 0
57 0
57 0
57 0
57 0
57 0
57 0
57 0
57 0
57 0
57 0
57 0
57 0
57 0
57 0
57 0
57 0
57 0
57 0
57 0.00155899
57 0.0234718
57 0.170335
57 0.554441
57 1.17206
57 1.84511
57 2.31744
57 2.51063
57 2.57167
57 2.39965
57 2.18922
57 1.98576
57 1.76446
57 1.5566
57 1.394
57 1.24791
57 1.12685
57 1.04619
57 0.963943
57 0.880842
57 0.828896
57 0.778104
57 0.736752
57 0.712372
57 0.687652
57 0.668155
57 0.664412
57 0.679086
57 0.689582
57 0.6885
57 0.708616
57 0.718236
57 0.754483
57 0.780066
57 0.82185
57 0.84958
57 0.892173
57 0.929783
57 0.978492
57 1.02659
57 1.06101
57 1.08684
57 1.11847
57 1.15716
57 1.17315
57 1.1942
57 1.19992
57 1.21145
57 1.20517
57 1.18276
57 1.1695
57 1.139
57 1.12448
57 1.09922
57 1.07205
57 1.05521
57 1.00887
57 0.992138
57 0.971568
57 0.962997
57 0.928178
57 0.910481
57 0.923324
57 0.899693
57 0.892926
57 0.888696
58 0
58 0
58 0
58 0
58 0
58 0
58 0
58 0
58 0
58 0
58 0
58 0
58 0
58 0
58 0
58 0
58 0
58 0
58 0
58 0
58 0
58 0
58 0
58 0
58 0
58 0
58 0
58 0
58 0
58 0
58 0
58 0
58 0
58 0
58 0.00201751
58 0.0250308
58 0.175579
58 0.583548
58 1.20233
58 1.82671
58 2.3577
58 2.55569
58 2.55124
58 2.3569
58 2.17792
58 1.98032
58 1.76471
58 1.57005
58 1.39159
58 1.2332
58 1.11842
58 1.0273
58 0.942835
58 0.880575
58 0.809676
58 0.785546
58 0.741094
58 0.713066
58 0.68762
58 0.682338
58 0.681083
58 0.659663
58 0.663258
58 0.666599
58 0.692873
58 0.728362
58 0.737205
58 0.779419
58 0.826945
58 0.849512
58 0.892568
58 0.944794
58 0.987422
58 1.03481
58 1.05704
58 1.09946
58 1.14816
58 1.16932
58 1.19959
58 1.21216
58 1.20809
58 1.19427
58 1.20062
58 1.19257
58 1.15864
58 1.1409
58 1.12051
58 1.08347
58 1.05983
58 1.03548
58 1.00367
58 0.980313
58 0.973201
58 0.95744
58 0.92951
58 0.917136
58 0.912234
58 0.906548
58 0.896684
58 0.888939
59 0
59 0
59 0
59 0
59 0
59 0
59 0
59 0
59 0
59 0
59 0
59 0
59 0
59 0
59 0
59 0
59 0
59 0
59 0
59 0
59 0
59 0
59 0
59 0
59 0
59 0
59 0
59 0
59 0
59 0
59 0
59 0
59 0
59 0
59 0.000275116
59 0.0217396
59 0.15993
59 0.572371
59 1.1999
59 1.84783
59 2.33594
59 2.56051
59 2.5892
59 2.41396
59 2.20973
59 1.99482
59 1.76638
59 1.5464
59 1.38027
59 1.24024
59 1.09758
59 0.996102
59 0.936657
59 0.854756
59 0.811293
59 0.750499
59 0.735999
59 0.706297
59 0.687301
59 0.678854
59 0.66307
59 0.682289
59 0.684635
59 0.692994
59 0.705703
59 0.740728
59 0.747226
59 0.78469
59 0.823967
59 0.857082
59 0.904252
59 0.940523
59 1.00331
59 1.03994
59 1.059
59 1.09343
59 1.12776
59 1.16178
59 1.17859
59 1.19976
59 1.19773
59 1.20492
59 1.20325
59 1.19221
59 1.16971
59 1.12873
59 1.11873
59 1.09397
59 1.06214
59 1.032
59 1.01682
59 0.98528
59 0.965853
59 0.945166
59 0.939741
59 0.91862
59 0.915974
59 0.893147
59 0.881079
59 0.899446
60 0
60 0
60 0
60 0
60 0
60 0
60 0
60 0
60 0
60 0
60 0
60 0
60 0
60 0
60 0
60 0
60 0
60 0
60 0
60 0
60 0
60 0
60 0
60 0
60 0
60 0
60 0
60 0
60 0
60 0
60 0
60 0
60 0
60 0
60 0.00110046
60 0.023212
60 0.178364
60 0.593949
60 1.23186
60 1.9094
60 2.36762
60 2.55373
60 2.56182
60 2.39746
60 2.18343
60 1.96229
60 1.71716
60 1.52158
60 1.36532
60 1.23583
60 1.09629
60 1.02635
60 0.934558
60 0.866312
60 0.806552
60 0.77495
60 0.736307
60 0.716994
60 0.696551
60 0.680828
60 0.674164
60 0.676142
60 0.656887
60 0.704905
60 0.69589
60 0.716531
60 0.761568
60 0.802587
60 0.823386
60 0.862031
60 0.908689
60 0.955257
60 0.977101
60 1.01293
60 1.06158
60 1.09688
60 1.13156
60 1.17087
60 1.1913
60 1.21667
60 1.20924
60 1.21815
60 1.20301
60 1.18724
60 1.17957
60 1.14484
60 1.11272
60 1.07856
60 1.05848
60 1.02795
60 1.01536
60 0.986636
60 0.965177
60 0.934715
60 0.933972
60 0.910816
60 0.906409
60 0.903516
60 0.889956
60 0.887163
61 0
61 0
61 0
61 0
61 0
61 0
61 0
61 0
61 0
61 0
61 0
61 0
61 0
61 0
61 0
61 0
61 0
61 0
61 0
61 0
61 0
61 0
61 0
61 0
61 0
61 0
61 0
61 0
61 0
61 0
61 0
61 0
61 0
61 0
61 0.00165069
61 0.0257237
61 0.154195
61 0.565695
61 1.24946
61 1.84084
61 2.33701
61 2.56267
61 2.55288
61 2.38506
61 2.18972
61 1.94626
61 1.72715
61 1.52883
61 1.38045
61 1.25864
61 1.11538
61 1.03783
61 0.948102
61 0.884312
61 0.832277
61 0.778707
61 0.746497
61 0.720593
61 0.679551
61 0.682801
61 0.67983
61 0.671207
61 0.675134
61 0.683248
61 0.720187
61 0.733324
61 0.755224
61 0.789865
61 0.824921
61 0.859184
61 0.89617
61 0.92041
61 0.979136
61 1.02354
61 1.05928
61 1.08412
61 1.12446
61 1.15418
61 1.17497
61 1.19632
61 1.21018
61 1.19828
61 1.20256
61 1.1889
61 1.15978
61 1.14777
61 1.13523
61 1.09563
61 1.06191
61 1.05331
61 1.01276
61 0.987653
61 0.970535
61 0.950423
61 0.923533
61 0.923455
61 0.921108
61 0.903769
61 0.88685
61 0.897792
62 0
62 0
62 0
62 0
62 0
62 0
62 0
62 0
62 0
62 0
62 0
62 0
62 0
62 0
62 0
62 0
62 0
62 0
62 0
62 0
62 0
62 0
62 0
62 0
62 0
62 0
62 0
62 0
62 0
62 0
62 0
62 0
62 0
62 0
62 0.000917052
62 0.0211333
62 0.167468
62 0.569111
62 1.19533
62 1.86833
62 2.31704
62 2.58212
62 2.53704
62 2.39129
62 2.16839
62 1.9847
62 1.76128
62 1.57808
62 1.385
62 1.2332
62 1.12668
62 1.03499
62 0.959626
62 0.883664
62 0.827904
62 0.790862
62 0.746941
62 0.713693
62 0.689279
62 0.670375
62 0.673568
62 0.658884
62 0.673961
62 0.678402
62 0.701059
62 0.728693
62 0.746461
62 0.783612
62 0.813894
62 0.85541
62 0.874999
62 0.929143
62 0.973383
62 1.00369
62 1.05827
62 1.09023
62 1.12718
62 1.16316
62 1.1952
62 1.20871
62 1.21085
62 1.20586
62 1.21199
62 1.19932
62 1.16964
62 1.1561
62 1.13037
62 1.10013
62 1.07405
62 1.04808
62 1.02946
62 0.988292
62 0.969731
62 0.947426
62 0.927444
62 0.918417
62 0.908378
62 0.901886
62 0.885185
62 0.895091
63 0
63 0
63 0
63 0
63 0
63 0
63 0
63 0
63 0
63 0
63 0
63 0
63 0
63 0
63 0
63 0
63 0
63 0
63 0
63 0
63 0
63 0
63 0
63 0
63 0
63 0
63 0
63 0
63 0
63 0
63 0
63 0
63 0
63 0
63 0.000917052
63 0.0233852
63 0.169434
63 0.557933
63 1.21006
63 1.87337
63 2.34546
63 2.52724
63 2.5475
63 2.3985
63 2.1524
63 1.98069
63 1.75669
63 1.57063
63 1.37665
63 1.24617
63 1.1349
63 1.02001
63 0.938954
63 0.880346
63 0.815372
63 0.785546
63 0.741573
63 0.720296
63 0.693904
63 0.667693
63 0.674403
63 0.676691
63 0.665186
63 0.680108
63 0.718114
63 0.725258
63 0.759568
63 0.784978
63 0.822502
63 0.861805
63 0.9012
63 0.937748
63 0.968565
63 1.02232
63 1.06469
63 1.0985
63 1.13791
63 1.15496
63 1.18016
63 1.20019
63 1.21264
63 1.20454
63 1.19441
63 1.19323
63 1.16345
63 1.14076
63 1.12483
63 1.07885
63 1.06056
63 1.04322
63 1.01211
63 0.983233
63 0.96325
63 0.946714
63 0.934876
63 0.909404
63 0.911461
63 0.907868
63 0.892971
63 0.894044
64 0
64 0
64 0
64 0
64 0
64 0
64 0
64 0
64 0
64 0
64 0
64 0
64 0
64 0
64 0
64 0
64 0
64 0
64 0
64 0
64 0
64 0
64 0
64 0
64 0
64 0
64 0
64 0
64 0
64 0
64 0
64 0
64 0
64 0
64 0.000825347
64 0.0228655
64 0.168041
64 0.569732
64 1.20542
64 1.81355
64 2.33195
64 2.57249
64 2.56073
64 2.42353
64 2.2003
64 1.98069
64 1.79006
64 1.56009
64 1.41614
64 1.23793
64 1.142
64 1.01219
64 0.948062
64 0.857045
64 0.81427
64 0.771159
64 0.728511
64 0.694313
64 0.665038
64 0.675648
64 0.656957
64 0.658537
64 0.66555
64 0.669415
64 0.695365
64 0.713656
64 0.729207
64 0.770914
64 0.813964
64 0.864088
64 0.888439
64 0.951733
64 0.975169
64 1.01937
64 1.07773
64 1.11206
64 1.14199
64 1.16856
64 1.19664
64 1.22202
64 1.23346
64 1.24029
64 1.22115
64 1.20098
64 1.18376
64 1.1511
64 1.11866
64 1.08801
64 1.0582
64 1.03638
64 1.00175
64 0.979635
64 0.954001
64 0.937387
64 0.918497
64 0.907118
64 0.903021
64 0.892734
64 0.876522
64 0.879335
65 0
65 0
65 0
65 0
65 0
65 0
65 0
65 0
65 0
65 0
65 0
65 0
65 0
65 0
65 0
65 0
65 0
65 0
65 0
65 0
65 0
65 0
65 0
65 0
65 0
65 0
65 0
65 0
65 0
65 0
65 0
65 0
65 0
65 0
65 0.000733642
65 0.0214797
65 0.16206
65 0.562824
65 1.17685
65 1.82664
65 2.31159
65 2.51951
65 2.51384
65 2.38684
65 2.24776
65 1.97885
65 1.78531
65 1.59294
65 1.43122
65 1.2639
65 1.13272
65 1.03096
65 0.937765
65 0.867609
65 0.822722
65 0.769422
65 0.742188
65 0.721088
65 0.697987
65 0.679779
65 0.680009
65 0.66327
65 0.678432
65 0.684168
65 0.688675
65 0.726454
65 0.742043
65 0.772184
65 0.800518
65 0.840156
65 0.881565
65 0.917506
65 0.977018
65 1.01335
65 1.04415
65 1.09044
65 1.12975
65 1.16022
65 1.18333
65 1.20239
65 1.21175
65 1.22781
65 1.21095
65 1.20054
65 1.18245
65 1.16085
65 1.1302
65 1.10174
65 1.07437
65 1.04988
65 1.02249
65 0.991565
65 0.970293
65 0.957016
65 0.925611
65 0.920942
65 0.91867
65 0.892722
65 0.888673
65 0.887682
66 0
66 0
66 0
66 0
66 0
66 0
66 0
66 0
66 0
66 0
66 0
66 0
66 0
66 0
66 0
66 0
66 0
66 0
66 0
66 0
66 0
66 0
66 0
66 0
66 0
66 0
66 0
66 0
66 0
66 0
66 0
66 0
66 0
66 0
66 0.0017424
66 0.0221726
66 0.154932
66 0.555139
66 1.17022
66 1.85875
66 2.33801
66 2.58365
66 2.58545
66 2.39775
66 2.18272
66 1.99424
66 1.76507
66 1.57649
66 1.38625
66 1.26274
66 1.1245
66 1.01256
66 0.930795
66 0.880003
66 0.82478
66 0.757515
66 0.728647
66 0.715608
66 0.681879
66 0.665257
66 0.675745
66 0.669447
66 0.681114
66 0.682219
66 0.71326
66 0.719101
66 0.75362
66 0.785073
66 0.798168
66 0.849421
66 0.881785
66 0.926452
66 0.965783
66 1.01893
66 1.05942
66 1.0922
66 1.1194
66 1.16563
66 1.20291
66 1.21069
66 1.23048
66 1.22786
66 1.22559
66 1.20587
66 1.17988
66 1.15028
66 1.1221
66 1.08727
66 1.06975
66 1.03831
66 1.00296
66 0.98884
66 0.963008
66 0.938948
66 0.930097
66 0.911702
66 0.899903
66 0.885695
66 0.879717
66 0.890945
67 0
67 0
67 0
67 0
67 0
67 0
67 0
67 0
67 0
67 0
67 0
67 0
67 0
67 0
67 0
67 0
67 0
67 0
67 0
67 0
67 0
67 0
67 0
67 0
67 0
67 0
67 0
67 0
67 0
67 0
67 0
67 0
67 0
67 0
67 0.00192581
67 0.0224325
67 0.155096
67 0.57206
67 1.21823
67 1.87288
67 2.33448
67 2.52793
67 2.5762
67 2.39359
67 2.17902
67 1.99546
67 1.77683
67 1.54993
67 1.36546
67 1.25806
67 1.11945
67 1.00935
67 0.918835
67 0.86471
67 0.799974
67 0.760208
67 0.73576
67 0.700322
67 0.687238
67 0.679563
67 0.685139
67 0.677383
67 0.683518
67 0.70014
67 0.727297
67 0.733527
67 0.769763
67 0.790176
67 0.824293
67 0.871478
67 0.908689
67 0.948381
67 0.982043
67 1.02162
67 1.03983
67 1.08502
67 1.11614
67 1.14819
67 1.17412
67 1.19679
67 1.21682
67 1.21785
67 1.20336
67 1.19675
67 1.17771
67 1.14993
67 1.12058
67 1.08767
67 1.05848
67 1.03169
67 1.00155
67 0.977288
67 0.953286
67 0.937462
67 0.921296
67 0.924676
67 0.919045
67 0.903046
67 0.893421
67 0.897009
68 0
68 0
68 0
68 0
68 0
68 0
68 0
68 0
68 0
68 0
68 0
68 0
68 0
68 0
68 0
68 0
68 0
68 0
68 0
68 0
68 0
68 0
68 0
68 0
68 0
68 0
68 0
68 0
68 0
68 0
68 0
68 0
68 0
68 0
68 0.00100876
68 0.0250308
68 0.165337
68 0.576485
68 1.19798
68 1.82936
68 2.36376
68 2.51247
68 2.58762
68 2.42665
68 2.20934
68 1.96208
68 1.74649
68 1.56391
68 1.3792
68 1.24456
68 1.11667
68 1.00392
68 0.93729
68 0.86513
68 0.834519
68 0.77977
68 0.744103
68 0.712537
68 0.701814
68 0.673983
68 0.676461
68 0.670918
68 0.682847
68 0.698056
68 0.689304
68 0.717625
68 0.744018
68 0.777191
68 0.807381
68 0.856427
68 0.875086
68 0.923442
68 0.988357
68 1.00715
68 1.05318
68 1.09559
68 1.12845
68 1.17447
68 1.19261
68 1.22871
68 1.22785
68 1.2216
68 1.22775
68 1.20427
68 1.18541
68 1.15603
68 1.122
68 1.08578
68 1.06269
68 1.03696
68 1.00944
68 0.976206
68 0.957764
68 0.939785
68 0.92511
68 0.915281
68 0.912938
68 0.896121
68 0.883194
68 0.885487
69 0
69 0
69 0
69 0
69 0
69 0
69 0
69 0
69 0
69 0
69 0
69 0
69 0
69 0
69 0
69 0
69 0
69 0
69 0
69 0
69 0
69 0
69 0
69 0
69 0
69 0
69 0
69 0
69 0
69 0
69 0
69 0
69 0
69 0
69 0.000825347
69 0.0233852
69 0.184755
69 0.59294
69 1.19909
69 1.85994
69 2.3255
69 2.528
69 2.53402
69 2.40403
69 2.1938
69 1.97257
69 1.72917
69 1.56599
69 1.394
69 1.25909
69 1.12219
69 1.01516
69 0.950953
69 0.881147
69 0.81868
69 0.782109
69 0.741812
69 0.733832
69 0.684112
69 0.68129
69 0.679741
69 0.663963
69 0.674408
69 0.671228
69 0.690984
69 0.719304
69 0.737896
69 0.78045
69 0.820036
69 0.846777
69 0.89415
69 0.938773
69 0.983995
69 1.02392
69 1.05639
69 1.09374
69 1.13445
69 1.16687
69 1.18735
69 1.21408
69 1.21803
69 1.22124
69 1.21407
69 1.1801
69 1.17766
69 1.13409
69 1.12099
69 1.0883
69 1.07522
69 1.04146
69 1.01484
69 0.993768
69 0.966975
69 0.94865
69 0.924107
69 0.927573
69 0.918236
69 0.887429
69 0.887559
69 0.884363
70 0
70 0
70 0
70 0
70 0
70 0
70 0
70 0
70 0
70 0
70 0
70 0
70 0
70 0
70 0
70 0
70 0
70 0
70 0
70 0
70 0
70 0
70 0
70 0
70 0
70 0
70 0
70 0
70 0
70 0
70 0
70 0
70 0
70 0
70 0.000825347
70 0.0250308
70 0.16247
70 0.552034
70 1.24467
70 1.85602
70 2.33495
70 2.55994
70 2.53843
70 2.38004
70 2.18625
70 1.97584
70 1.75512
70 1.55056
70 1.38305
70 1.24946
70 1.12189
70 1.0317
70 0.946359
70 0.888164
70 0.823163
70 0.771761
70 0.746463
70 0.697515
70 0.693745
70 0.681506
70 0.667007
70 0.668004
70 0.675861
70 0.68314
70 0.688937
70 0.725818
70 0.749325
70 0.761259
70 0.815034
70 0.85419
70 0.895467
70 0.93636
70 0.989665
70 1.02255
70 1.06736
70 1.09423
70 1.13089
70 1.15589
70 1.18746
70 1.21116
70 1.21564
70 1.20972
70 1.20891
70 1.1868
70 1.16597
70 1.1521
70 1.12203
70 1.10374
70 1.07129
70 1.03741
70 1.017
70 0.982347
70 0.978024
70 0.948712
70 0.933837
70 0.918117
70 0.91479
70 0.899187
70 0.887537
70 0.886281
71 0
71 0
71 0
71 0
71 0
71 0
71 0
71 0
71 0
71 0
71 0
71 0
71 0
71 0
71 0
71 0
71 0
71 0
71 0
71 0
71 0
71 0
71 0
71 0
71 0
71 0
71 0
71 0
71 0
71 0
71 0
71 0
71 0
71 0
71 0.000641936
71 0.022086
71 0.184509
71 0.60567
71 1.27302
71 1.88988
71 2.33042
71 2.54353
71 2.52109
71 2.38148
71 2.18586
71 1.97025
71 1.72256
71 1.53488
71 1.37744
71 1.23427
71 1.12403
71 1.01298
71 0.93131
71 0.872604
71 0.816438
71 0.775234
71 0.744137
71 0.727328
71 0.697636
71 0.683911
71 0.690716
71 0.671207
71 0.698719
71 0.683762
71 0.716015
71 0.734545
71 0.747572
71 0.765907
71 0.804217
71 0.847659
71 0.889208
71 0.924979
71 0.963644
71 1.00529
71 1.06126
71 1.091
71 1.11914
71 1.15209
71 1.19407
71 1.21952
71 1.22125
71 1.22039
71 1.20419
71 1.19762
71 1.18535
71 1.15052
71 1.12643
71 1.09477
71 1.07091
71 1.04204
71 1.02227
71 0.994303
71 0.977705
71 0.958651
71 0.928655
71 0.912648
71 0.908472
71 0.891827
71 0.877343
71 0.885278
72 0
72 0
72 0
72 0
72 0
72 0
72 0
72 0
72 0
72 0
72 0
72 0
72 0
72 0
72 0
72 0
72 0
72 0
72 0
72 0
72 0
72 0
72 0
72 0
72 0
72 0
72 0
72 0
72 0
72 0
72 0
72 0
72 0
72 0
72 0.00146728
72 0.0255505
72 0.159111
72 0.573535
72 1.21094
72 1.87078
72 2.34952
72 2.59543
72 2.56442
72 2.44614
72 2.17704
72 1.95502
72 1.7428
72 1.54983
72 1.36746
72 1.22291
72 1.11624
72 1.00742
72 0.938082
72 0.860515
72 0.818496
72 0.765595
72 0.72728
72 0.70359
72 0.693107
72 0.685329
72 0.671093
72 0.670947
72 0.678767
72 0.685008
72 0.698619
72 0.736555
72 0.748905
72 0.781887
72 0.824851
72 0.862822
72 0.908755
72 0.944153
72 0.991056
72 1.02887
72 1.06107
72 1.10097
72 1.13591
72 1.15029
72 1.18425
72 1.21422
72 1.21316
72 1.21485
72 1.21603
72 1.19049
72 1.15929
72 1.15105
72 1.12668
72 1.09048
72 1.06598
72 1.03023
72 0.996819
72 0.973768
72 0.957854
72 0.943605
72 0.921602
72 0.902115
72 0.905178
72 0.888635
72 0.886265
72 0.886105
73 0
73 0
73 0
73 0
73 0
73 0
73 0
73 0
73 0
73 0
73 0
73 0
73 0
73 0
73 0
73 0
73 0
73 0
73 0
73 0
73 0
73 0
73 0
73 0
73 0
73 0
73 0
73 0
73 0
73 0
73 0
73 0
73 0
73 0
73 0.00146728
73 0.0179286
73 0.155587
73 0.53651
73 1.15527
73 1.8358
73 2.35664
73 2.54524
73 2.5727
73 2.42059
73 2.21171
73 1.96688
73 1.77607
73 1.55873
73 1.38746
73 1.26528
73 1.13503
73 1.02824
73 0.944023
73 0.882711
73 0.8336
73 0.766977
73 0.743625
73 0.707585
73 0.690332
73 0.664548
73 0.652066
73 0.67747
73 0.675805
73 0.695782
73 0.695077
73 0.725334
73 0.741006
73 0.768087
73 0.810126
73 0.842935
73 0.887868
73 0.923143
73 0.975273
73 1.02051
73 1.05239
73 1.1
73 1.13397
73 1.16898
73 1.18889
73 1.20607
73 1.21373
73 1.22364
73 1.20156
73 1.19401
73 1.18621
73 1.15408
73 1.12141
73 1.09635
73 1.0755
73 1.03255
73 1.02419
73 0.986871
73 0.977692
73 0.949574
73 0.934986
73 0.9157
73 0.908108
73 0.901909
73 0.887818
73 0.875774
74 0
74 0
74 0
74 0
74 0
74 0
74 0
74 0
74 0
74 0
74 0
74 0
74 0
74 0
74 0
74 0
74 0
74 0
74 0
74 0
74 0
74 0
74 0
74 0
74 0
74 0
74 0
74 0
74 0
74 0
74 0
74 0
74 0
74 0
74 0.0017424
74 0.0267631
74 0.176644
74 0.569576
74 1.18974
74 1.84084
74 2.30407
74 2.5216
74 2.50967
74 2.42567
74 2.19021
74 1.98739
74 1.76865
74 1.57929
74 1.39767
74 1.24029
74 1.12792
74 1.0301
74 0.948973
74 0.8731
74 0.823384
74 0.771052
74 0.747454
74 0.708906
74 0.685164
74 0.684373
74 0.66653
74 0.670139
74 0.687653
74 0.670037
74 0.71528
74 0.7291
74 0.765369
74 0.778916
74 0.815034
74 0.842438
74 0.889647
74 0.935506
74 0.97519
74 1.0025
74 1.06441
74 1.10569
74 1.12617
74 1.15705
74 1.16987
74 1.18258
74 1.20319
74 1.20246
74 1.21382
74 1.18756
74 1.18031
74 1.14695
74 1.13351
74 1.10039
74 1.06823
74 1.03835
74 1.02445
74 1.00081
74 0.963237
74 0.957628
74 0.945877
74 0.92616
74 0.922784
74 0.910073
74 0.884139
74 0.891905
75 0
75 0
75 0
75 0
75 0
75 0
75 0
75 0
75 0
75 0
75 0
75 0
75 0
75 0
75 0
75 0
75 0
75 0
75 0
75 0
75 0
75 0
75 0
75 0
75 0
75 0
75 0
75 0
75 0
75 0
75 0
75 0
75 0
75 0.000194523
75 0.00110046
75 0.0209601
75 0.170909
75 0.569887
75 1.19629
75 1.83328
75 2.35764
75 2.52844
75 2.55167
75 2.41995
75 2.20339
75 1.98465
75 1.79394
75 1.54354
75 1.41363
75 1.25151
75 1.14162
75 1.0217
75 0.949567
75 0.86982
75 0.815666
75 0.768678
75 0.732067
75 0.709368
75 0.699103
75 0.670529
75 0.653169
75 0.651726
75 0.645681
75 0.665733
75 0.702292
75 0.715895
75 0.745943
75 0.791207
75 0.819082
75 0.856043
75 0.900607
75 0.947527
75 0.988253
75 1.03065
75 1.06821
75 1.11972
75 1.14611
75 1.16767
75 1.19501
75 1.19415
75 1.21904
75 1.21994
75 1.20904
75 1.18058
75 1.16585
75 1.14175
75 1.12392
75 1.08107
75 1.05573
75 1.02833
75 1.00395
75 0.987014
75 0.966988
75 0.943168
75 0.938164
75 0.919278
75 0.915962
75 0.89797
75 0.88721
75 0.888233
76 0
76 0
76 0
76 0
76 0
76 0
76 0
76 0
76 0
76 0
76 0
76 0
76 0
76 0
76 0
76 0
76 0
76 0
76 0
76 0
76 0
76 0
76 0
76 0
76 0
76 0
76 0
76 0
76 0
76 0
76 0
76 0
76 0
76 0
76 0.0017424
76 0.0249442
76 0.17861
76 0.580599
76 1.20631
76 1.88246
76 2.34999
76 2.55639
76 2.56194
76 2.37121
76 2.14953
76 1.95913
76 1.72064
76 1.55612
76 1.37846
76 1.23851
76 1.13571
76 1.02125
76 0.940736
76 0.8776
76 0.844736
76 0.79026
76 0.746087
76 0.737959
76 0.713871
76 0.700191
76 0.669631
76 0.688235
76 0.681114
76 0.68563
76 0.716225
76 0.723961
76 0.743326
76 0.780018
76 0.807171
76 0.826393
76 0.8833
76 0.925897
76 0.978471
76 1.00988
76 1.03344
76 1.08694
76 1.13018
76 1.14461
76 1.18351
76 1.20389
76 1.20228
76 1.20449
76 1.20205
76 1.19743
76 1.16893
76 1.15703
76 1.12718
76 1.09717
76 1.0604
76 1.05367
76 1.0175
76 1.00291
76 0.987885
76 0.96181
76 0.944508
76 0.928159
76 0.924625
76 0.899566
76 0.891227
76 0.898156
77 0
77 0
77 0
77 0
77 0
77 0
77 0
77 0
77 0
77 0
77 0
77 0
77 0
77 0
77 0
77 0
77 0
77 0
77 0
77 0
77 0
77 0
77 0
77 0
77 0
77 0
77 0
77 0
77 0
77 0
77 0
77 0
77 0
77 9.72615e-05
77 0.000825347
77 0.0243379
77 0.170335
77 0.549085
77 1.20005
77 1.88106
77 2.3599
77 2.58403
77 2.56937
77 2.39671
77 2.20648
77 1.93097
77 1.75961
77 1.54765
77 1.36245
77 1.22523
77 1.10096
77 1.02129
77 0.956656
77 0.882749
77 0.829999
77 0.776403
77 0.750327
77 0.704845
77 0.686185
77 0.682215
77 0.668021
77 0.677758
77 0.67751
77 0.677725
77 0.698488
77 0.720144
77 0.751571
77 0.777455
77 0.820338
77 0.866438
77 0.890218
77 0.94742
77 0.978347
77 1.01996
77 1.05999
77 1.10804
77 1.1408
77 1.16716
77 1.19731
77 1.21306
77 1.19062
77 1.2053
77 1.19021
77 1.177
77 1.16919
77 1.14492
77 1.10878
77 1.09074
77 1.07547
77 1.04474
77 1.0177
77 0.992243
77 0.966529
77 0.939735
77 0.94122
77 0.917531
77 0.911191
77 0.894663
77 0.874384
77 0.887097
78 0
78 0
78 0
78 0
78 0
78 0
78 0
78 0
78 0
78 0
78 0
78 0
78 0
78 0
78 0
78 0
78 0
78 0
78 0
78 0
78 0
78 0
78 0
78 0
78 0
78 0
78 0
78 0
78 0
78 0
78 0
78 0
78 0
78 0
78 0.00165069
78 0.0258969
78 0.171974
78 0.578813
78 1.18097
78 1.8875
78 2.36243
78 2.53459
78 2.56218
78 2.41326
78 2.23277
78 1.94605
78 1.75558
78 1.50755
78 1.38231
78 1.25441
78 1.12334
78 1.01767
78 0.939666
78 0.8731
78 0.822759
78 0.787035
78 0.753404
78 0.71366
78 0.700219
78 0.69017
78 0.67655
78 0.671265
78 0.675833
78 0.668359
78 0.689698
78 0.714089
78 0.753323
78 0.771873
78 0.821688
78 0.851659
78 0.89147
78 0.933306
78 0.971244
78 1.01473
78 1.06091
78 1.10226
78 1.13901
78 1.16044
78 1.17929
78 1.2066
78 1.2374
78 1.20921
78 1.20853
78 1.19059
78 1.16531
78 1.14481
78 1.12556
78 1.09724
78 1.06481
78 1.04605
78 1.00538
78 0.980287
78 0.967256
78 0.94895
78 0.936294
78 0.922749
78 0.917111
78 0.897258
78 0.895244
78 0.886656
79 0
79 0
79 0
79 0
79 0
79 0
79 0
79 0
79 0
79 0
79 0
79 0
79 0
79 0
79 0
79 0
79 0
79 0
79 0
79 0
79 0
79 0
79 0
79 0
79 0
79 0
79 0
79 0
79 0
79 0
79 0
79 0
79 0
79 0
79 0.00137558
79 0.0306606
79 0.176726
79 0.60078
79 1.19946
79 1.88652
79 2.31891
79 2.55196
79 2.50671
79 2.37692
79 2.17842
79 1.99419
79 1.75982
79 1.55859
79 1.39878
79 1.23
79 1.12612
79 1.02121
79 0.926003
79 0.878554
79 0.814049
79 0.775057
79 0.739932
79 0.728319
79 0.696169
79 0.683263
79 0.667007
79 0.672044
79 0.682931
79 0.694374
79 0.700928
79 0.731873
79 0.762284
79 0.776185
79 0.82527
79 0.861308
79 0.905899
79 0.936936
79 0.976478
79 1.01236
79 1.06054
79 1.09253
79 1.12722
79 1.13826
79 1.18661
79 1.18391
79 1.20041
79 1.21501
79 1.21023
79 1.19726
79 1.17516
79 1.15114
79 1.11461
79 1.09068
79 1.06345
79 1.04367
79 1.00403
79 0.9906
79 0.963914
79 0.938124
79 0.927188
79 0.91315
79 0.905354
79 0.898762
79 0.894704
79 0.901596
80 0
80 0
80 0
80 0
80 0
80 0
80 0
80 0
80 0
80 0
80 0
80 0
80 0
80 0
80 0
80 0
80 0
80 0
80 0
80 0
80 0
80 0
80 0
80 0
80 0
80 0
80 0
80 0
80 0
80 0
80 0
80 0
80 0
80 0
80 0.00119217
80 0.0271095
80 0.166239
80 0.596976
80 1.22066
80 1.85623
80 2.31664
80 2.56032
80 2.53517
80 2.39913
80 2.1831
80 1.97157
80 1.73791
80 1.54378
80 1.38973
80 1.23374
80 1.10999
80 1.03964
80 0.934637
80 0.891596
80 0.826287
80 0.791039
80 0.737128
80 0.712009
80 0.696615
80 0.673644
80 0.676699
80 0.683732
80 0.686424
80 0.685143
80 0.696599
80 0.726658
80 0.738809
80 0.774939
80 0.821222
80 0.84341
80 0.898696
80 0.946374
80 0.968088
80 1.01992
80 1.06852
80 1.09984
80 1.12862
80 1.16567
80 1.17844
80 1.19256
80 1.21505
80 1.21769
80 1.19706
80 1.18254
80 1.16688
80 1.15944
80 1.12044
80 1.08826
80 1.07031
80 1.02978
80 1.00971
80 1.00013
80 0.977054
80 0.950473
80 0.93957
80 0.923396
80 0.903197
80 0.896569
80 0.887548
80 0.893768
81 0
81 0
81 0
81 0
81 0
81 0
81 0
81 0
81 0
81 0
81 0
81 0
81 0
81 0
81 0
81 0
81 0
81 0
81 0
81 0
81 0
81 0
81 0
81 0
81 0
81 0
81 0
81 0
81 0
81 0
81 0
81 0
81 0
81 0
81 0.000275116
81 0.0235584
81 0.158783
81 0.556459
81 1.19033
81 1.87232
81 2.33069
81 2.55215
81 2.52991
81 2.42768
81 2.18735
81 1.95776
81 1.75901
81 1.5715
81 1.39298
81 1.25445
81 1.10738
81 1.02833
81 0.9363
81 0.887859
81 0.844258
81 0.77573
81 0.752789
81 0.712901
81 0.682995
81 0.693685
81 0.67154
81 0.660702
81 0.662112
81 0.689149
81 0.692952
81 0.722281
81 0.742907
81 0.766123
81 0.815755
81 0.841263
81 0.900277
81 0.926324
81 0.985574
81 1.01127
81 1.05593
81 1.10846
81 1.13449
81 1.17076
81 1.18532
81 1.20164
81 1.20777
81 1.20975
81 1.21393
81 1.19491
81 1.17962
81 1.15767
81 1.12224
81 1.09
81 1.06776
81 1.03501
81 1.02426
81 0.979583
81 0.957573
81 0.94589
81 0.936368
81 0.932444
81 0.903572
81 0.890782
81 0.89269
81 0.891827
82 0
82 0
82 0
82 0
82 0
82 0
82 0
82 0
82 0
82 0
82 0
82 0
82 0
82 0
82 0
82 0
82 0
82 0
82 0
82 0
82 0
82 0
82 0
82 0
82 0
82 0
82 0
82 0
82 0
82 0
82 0
82 0
82 0
82 0
82 0.00128387
82 0.019401
82 0.161405
82 0.581608
82 1.21904
82 1.92136
82 2.3609
82 2.54695
82 2.52314
82 2.40853
82 2.17495
82 1.96245
82 1.72852
82 1.55056
82 1.37219
82 1.24982
82 1.09693
82 0.992233
82 0.934954
82 0.853574
82 0.831359
82 0.761661
82 0.740786
82 0.717457
82 0.706758
82 0.688628
82 0.689553
82 0.686359
82 0.692628
82 0.69876
82 0.715149
82 0.736708
82 0.750954
82 0.779108
82 0.812824
82 0.859387
82 0.894655
82 0.942765
82 0.978139
82 1.02752
82 1.06659
82 1.09969
82 1.10364
82 1.14399
82 1.17797
82 1.19772
82 1.20774
82 1.20975
82 1.19029
82 1.19455
82 1.15618
82 1.1376
82 1.12027
82 1.09852
82 1.06032
82 1.03027
82 1.02124
82 0.995254
82 0.982859
82 0.948188
82 0.935915
82 0.908865
82 0.91452
82 0.897695
82 0.887919
82 0.889302
83 0
83 0
83 0
83 0
83 0
83 0
83 0
83 0
83 0
83 0
83 0
83 0
83 0
83 0
83 0
83 0
83 0
83 0
83 0
83 0
83 0
83 0
83 0
83 0
83 0
83 0
83 0
83 0
83 0
83 0
83 0
83 0
83 0
83 0
83 0.000641936
83 0.0249442
83 0.173612
83 0.579822
83 1.23421
83 1.85077
83 2.35185
83 2.57781
83 2.55995
83 2.39186
83 2.16453
83 1.94669
83 1.71988
83 1.51069
83 1.37233
83 1.22322
83 1.12005
83 1.00688
83 0.925092
83 0.873482
83 0.814049
83 0.791677
83 0.749267
83 0.734559
83 0.708608
83 0.684651
83 0.692654
83 0.689851
83 0.684328
83 0.703172
83 0.713181
83 0.726632
83 0.761222
83 0.799257
83 0.824758
83 0.846935
83 0.892459
83 0.93258
83 0.975086
83 1.00715
83 1.05725
83 1.08657
83 1.12643
83 1.13904
83 1.17527
83 1.19309
83 1.19467
83 1.20533
83 1.19473
83 1.18136
83 1.16618
83 1.15104
83 1.12869
83 1.08823
83 1.06159
83 1.03857
83 1.01665
83 0.996871
83 0.975421
83 0.95583
83 0.945755
83 0.929835
83 0.932385
83 0.908201
83 0.902579
83 0.888509
84 0
84 0
84 0
84 0
84 0
84 0
84 0
84 0
84 0
84 0
84 0
84 0
84 0
84 0
84 0
84 0
84 0
84 0
84 0
84 0
84 0
84 0
84 0
84 0
84 0
84 0
84 0
84 0
84 0
84 0
84 0
84 0
84 0
84 0
84 0.00201751
84 0.029448
84 0.172465
84 0.553276
84 1.20932
84 1.857
84 2.30972
84 2.5498
84 2.53559
84 2.40028
84 2.20686
84 1.96646
84 1.74942
84 1.56986
84 1.39567
84 1.25771
84 1.13173
84 1.02421
84 0.94834
84 0.850066
84 0.81427
84 0.76276
84 0.741197
84 0.702237
84 0.684239
84 0.681753
84 0.665307
84 0.678105
84 0.688576
84 0.699301
84 0.710715
84 0.736631
84 0.770256
84 0.785217
84 0.83211
84 0.875342
84 0.89259
84 0.926794
84 0.966219
84 1.00703
84 1.05879
84 1.08027
84 1.12026
84 1.1329
84 1.16829
84 1.19432
84 1.21336
84 1.1972
84 1.20994
84 1.1867
84 1.17217
84 1.14345
84 1.13556
84 1.09981
84 1.07091
84 1.04707
84 1.03648
84 1.0003
84 0.976046
84 0.951896
84 0.937272
84 0.921995
84 0.908343
84 0.889599
84 0.889539
84 0.883492
85 0
85 0
85 0
85 0
85 0
85 0
85 0
85 0
85 0
85 0
85 0
85 0
85 0
85 0
85 0
85 0
85 0
85 0
85 0
85 0
85 0
85 0
85 0
85 0
85 0
85 0
85 0
85 0
85 0
85 0
85 0
85 0
85 0
85 0
85 0.00137558
85 0.0211333
85 0.15018
85 0.539149
85 1.17096
85 1.84287
85 2.28889
85 2.53459
85 2.54556
85 2.41298
85 2.22119
85 1.99677
85 1.78894
85 1.59066
85 1.42732
85 1.27321
85 1.14329
85 1.0445
85 0.969012
85 0.878821
85 0.815483
85 0.776226
85 0.739077
85 0.70392
85 0.687493
85 0.66797
85 0.665724
85 0.647541
85 0.660128
85 0.661293
85 0.675766
85 0.695337
85 0.725579
85 0.756228
85 0.790305
85 0.839726
85 0.886155
85 0.931748
85 0.970455
85 1.02857
85 1.07212
85 1.11834
85 1.13095
85 1.17285
85 1.19922
85 1.21004
85 1.22285
85 1.23153
85 1.21566
85 1.19308
85 1.18913
85 1.15513
85 1.13448
85 1.10924
85 1.08932
85 1.05308
85 1.02478
85 0.993481
85 0.96866
85 0.943068
85 0.919071
85 0.910577
85 0.899739
85 0.878989
85 0.874159
85 0.878806
86 0
86 0
86 0
86 0
86 0
86 0
86 0
86 0
86 0
86 0
86 0
86 0
86 0
86 0
86 0
86 0
86 0
86 0
86 0
86 0
86 0
86 0
86 0
86 0
86 0
86 0
86 0
86 0
86 0
86 0
86 0
86 0
86 0
86 0
86 0.00247604
86 0.0271961
86 0.165173
86 0.582694
86 1.21308
86 1.86567
86 2.33521
86 2.54562
86 2.52973
86 2.39417
86 2.22472
86 1.96609
86 1.76673
86 1.53145
86 1.38959
86 1.23445
86 1.12989
86 1.02627
86 0.953567
86 0.868295
86 0.813682
86 0.784731
86 0.733948
86 0.698737
86 0.68408
86 0.674445
86 0.672763
86 0.677585
86 0.683015
86 0.699653
86 0.712998
86 0.721365
86 0.736267
86 0.778773
86 0.814104
86 0.853534
86 0.896412
86 0.939926
86 0.985138
86 1.03033
86 1.06272
86 1.08368
86 1.12418
86 1.16427
86 1.18519
86 1.20404
86 1.22131
86 1.21172
86 1.21597
86 1.19002
86 1.17872
86 1.15396
86 1.12351
86 1.09908
86 1.05451
86 1.03419
86 0.993553
86 0.983168
86 0.953197
86 0.937375
86 0.922347
86 0.927573
86 0.900981
86 0.893698
86 0.888527
86 0.890648
87 0
87 0
87 0
87 0
87 0
87 0
87 0
87 0
87 0
87 0
87 0
87 0
87 0
87 0
87 0
87 0
87 0
87 0
87 0
87 0
87 0
87 0
87 0
87 0
87 0
87 0
87 0
87 0
87 0
87 0
87 0
87 0
87 0
87 0
87 0.00110046
87 0.0292748
87 0.171318
87 0.561194
87 1.20108
87 1.85406
87 2.38419
87 2.57059
87 2.56611
87 2.43588
87 2.20962
87 1.96698
87 1.75593
87 1.51766
87 1.36486
87 1.24933
87 1.11251
87 1.0094
87 0.924063
87 0.872986
87 0.807287
87 0.761484
87 0.730289
87 0.707024
87 0.677541
87 0.676419
87 0.692744
87 0.666993
87 0.692292
87 0.702144
87 0.697281
87 0.722816
87 0.752928
87 0.79068
87 0.817314
87 0.877014
87 0.904626
87 0.939136
87 0.978638
87 1.03279
87 1.07051
87 1.09793
87 1.12744
87 1.16621
87 1.19129
87 1.19727
87 1.20391
87 1.20421
87 1.20145
87 1.18105
87 1.16245
87 1.13967
87 1.10361
87 1.09164
87 1.05934
87 1.03158
87 1.0044
87 0.980326
87 0.955557
87 0.937637
87 0.931405
87 0.916944
87 0.907112
87 0.895742
87 0.89404
87 0.89293
88 0
88 0
88 0
88 0
88 0
88 0
88 0
88 0
88 0
88 0
88 0
88 0
88 0
88 0
88 0
88 0
88 0
88 0
88 0
88 0
88 0
88 0
88 0
88 0
88 0
88 0
88 0
88 0
88 0
88 0
88 0
88 0
88 0
88 0
88 0.000641936
88 0.0222592
88 0.165993
88 0.555294
88 1.163
88 1.84615
88 2.27998
88 2.50544
88 2.57215
88 2.38488
88 2.23233
88 2.00025
88 1.7952
88 1.59782
88 1.42398
88 1.26261
88 1.14932
88 1.05142
88 0.945132
88 0.874435
88 0.806405
88 0.763327
88 0.739829
88 0.705835
88 0.683059
88 0.670159
88 0.662981
88 0.651957
88 0.665494
88 0.676318
88 0.686969
88 0.710221
88 0.751398
88 0.779923
88 0.81529
88 0.848608
88 0.876865
88 0.934737
88 0.981296
88 1.00788
88 1.05409
88 1.08782
88 1.14593
88 1.16331
88 1.18927
88 1.19895
88 1.22873
88 1.21143
88 1.21449
88 1.1984
88 1.1712
88 1.15821
88 1.12502
88 1.10083
88 1.07346
88 1.04849
88 1.03244
88 0.996076
88 0.979886
88 0.956679
88 0.936392
88 0.92184
88 0.898801
88 0.894916
88 0.888966
88 0.879721
89 0
89 0
89 0
89 0
89 0
89 0
89 0
89 0
89 0
89 0
89 0
89 0
89 0
89 0
89 0
89 0
89 0
89 0
89 0
89 0
89 0
89 0
89 0
89 0
89 0
89 0
89 0
89 0
89 0
89 0
89 0
89 0
89 0
89 0
89 0.00100876
89 0.0262434
89 0.1578
89 0.562746
89 1.19997
89 1.84902
89 2.33767
89 2.55005
89 2.55952
89 2.40155
89 2.19777
89 1.978
89 1.77516
89 1.60963
89 1.394
89 1.25735
89 1.11898
89 1.01845
89 0.948775
89 0.871117
89 0.816328
89 0.783066
89 0.736717
89 0.704019
89 0.680189
89 0.658289
89 0.666023
89 0.649821
89 0.667394
89 0.669685
89 0.687415
89 0.714063
89 0.748016
89 0.781624
89 0.810475
89 0.858348
89 0.896522
89 0.947719
89 0.986114
89 1.02962
89 1.07218
89 1.10413
89 1.13397
89 1.18214
89 1.20393
89 1.21028
89 1.21907
89 1.2178
89 1.19916
89 1.20205
89 1.17962
89 1.14593
89 1.10911
89 1.09109
89 1.06279
89 1.04232
89 0.997912
89 0.984824
89 0.969412
89 0.936139
89 0.926002
89 0.90956
89 0.897758
89 0.883812
89 0.881551
89 0.881827
90 0
90 0
90 0
90 0
90 0
90 0
90 0
90 0
90 0
90 0
90 0
90 0
90 0
90 0
90 0
90 0
90 0
90 0
90 0
90 0
90 0
90 0
90 0
90 0
90 0
90 0
90 0
90 0
90 0
90 0
90 0
90 0
90 0
90 9.72615e-05
90 0.000366821
90 0.0237316
90 0.170171
90 0.54466
90 1.2027
90 1.88617
90 2.33228
90 2.57515
90 2.54701
90 2.40513
90 2.19666
90 1.96493
90 1.73402
90 1.53599
90 1.38082
90 1.23084
90 1.13344
90 1.0254
90 0.941053
90 0.89152
90 0.834152
90 0.774525
90 0.743454
90 0.717721
90 0.690268
90 0.687303
90 0.665158
90 0.679144
90 0.683965
90 0.698354
90 0.712027
90 0.733044
90 0.747424
90 0.771633
90 0.801193
90 0.837693
90 0.887539
90 0.94283
90 0.96788
90 1.00836
90 1.04138
90 1.09218
90 1.11933
90 1.15818
90 1.18434
90 1.19672
90 1.21934
90 1.20132
90 1.20567
90 1.19142
90 1.17746
90 1.17212
90 1.1235
90 1.10917
90 1.06915
90 1.03663
90 1.01528
90 0.98571
90 0.974069
90 0.952496
90 0.937187
90 0.926891
90 0.906749
90 0.909051
90 0.896706
90 0.888134
91 0
91 0
91 0
91 0
91 0
91 0
91 0
91 0
91 0
91 0
91 0
91 0
91 0
91 0
91 0
91 0
91 0
91 0
91 0
91 0
91 0
91 0
91 0
91 0
91 0
91 0
91 0
91 0
91 0
91 0
91 0
91 0
91 0
91 0
91 0.000917052
91 0.0238183
91 0.168615
91 0.573923
91 1.20174
91 1.85315
91 2.28603
91 2.54251
91 2.53777
91 2.42122
91 2.19187
91 1.98728
91 1.78218
91 1.57436
91 1.38361
91 1.24995
91 1.14355
91 1.04104
91 0.946003
91 0.882596
91 0.825185
91 0.778282
91 0.728853
91 0.715542
91 0.686791
91 0.673212
91 0.667752
91 0.654959
91 0.675023
91 0.689041
91 0.686917
91 0.714089
91 0.761469
91 0.765811
91 0.803379
91 0.844517
91 0.893139
91 0.931449
91 0.958099
91 1.02978
91 1.05904
91 1.09923
91 1.13287
91 1.14077
91 1.19373
91 1.20831
91 1.20651
91 1.23795
91 1.20902
91 1.19076
91 1.17941
91 1.16537
91 1.12347
91 1.09838
91 1.06829
91 1.04226
91 1.02165
91 0.992764
91 0.975396
91 0.954456
91 0.940731
91 0.920822
91 0.912258
91 0.898372
91 0.88298
91 0.880427
92 0
92 0
92 0
92 0
92 0
92 0
92 0
92 0
92 0
92 0
92 0
92 0
92 0
92 0
92 0
92 0
92 0
92 0
92 0
92 0
92 0
92 0
92 0
92 0
92 0
92 0
92 0
92 0
92 0
92 0
92 0
92 0
92 0
92 0
92 0.00229263
92 0.0297945
92 0.169188
92 0.566239
92 1.17957
92 1.88113
92 2.33648
92 2.5202
92 2.51329
92 2.40386
92 2.17153
92 1.95001
92 1.75033
92 1.53178
92 1.40435
92 1.25677
92 1.11564
92 1.03919
92 0.952141
92 0.89316
92 0.820738
92 0.791323
92 0.756789
92 0.73238
92 0.702325
92 0.692452
92 0.688837
92 0.682059
92 0.687318
92 0.694482
92 0.713995
92 0.727268
92 0.749053
92 0.769357
92 0.819803
92 0.844789
92 0.894479
92 0.920452
92 0.952388
92 0.99636
92 1.0429
92 1.06867
92 1.09911
92 1.14193
92 1.18076
92 1.19536
92 1.21262
92 1.2237
92 1.208
92 1.1986
92 1.17939
92 1.15187
92 1.13638
92 1.09343
92 1.06408
92 1.03836
92 1.01468
92 0.994668
92 0.98527
92 0.950385
92 0.944973
92 0.929069
92 0.921014
92 0.908787
92 0.89926
92 0.897109
93 0
93 0
93 0
93 0
93 0
93 0
93 0
93 0
93 0
93 0
93 0
93 0
93 0
93 0
93 0
93 0
93 0
93 0
93 0
93 0
93 0
93 0
93 0
93 0
93 0
93 0
93 0
93 0
93 0
93 0
93 0
93 0
93 0
93 0
93 0.00229263
93 0.0269363
93 0.168369
93 0.591853
93 1.22648
93 1.90548
93 2.38925
93 2.53015
93 2.49625
93 2.36677
93 2.18327
93 1.97421
93 1.7479
93 1.55331
93 1.39034
93 1.25851
93 1.13156
93 1.01553
93 0.944656
93 0.885037
93 0.841097
93 0.777396
93 0.746292
93 0.703161
93 0.684941
93 0.681629
93 0.650396
93 0.662924
93 0.652751
93 0.676345
93 0.685028
93 0.718923
93 0.749053
93 0.766866
93 0.83076
93 0.863274
93 0.899618
93 0.928417
93 0.98493
93 1.0237
93 1.06632
93 1.10791
93 1.14345
93 1.15438
93 1.18824
93 1.21489
93 1.2282
93 1.20771
93 1.20144
93 1.19735
93 1.16831
93 1.161
93 1.12316
93 1.1048
93 1.07368
93 1.03047
93 1.01275
93 0.978409
93 0.96769
93 0.945391
93 0.927432
93 0.926855
93 0.903373
93 0.888795
93 0.883228
93 0.876865
94 0
94 0
94 0
94 0
94 0
94 0
94 0
94 0
94 0
94 0
94 0
94 0
94 0
94 0
94 0
94 0
94 0
94 0
94 0
94 0
94 0
94 0
94 0
94 0
94 0
94 0
94 0
94 0
94 0
94 0
94 0
94 0
94 0
94 0
94 0.00165069
94 0.0211333
94 0.160913
94 0.571439
94 1.17037
94 1.80887
94 2.30566
94 2.49644
94 2.51946
94 2.42526
94 2.24324
94 1.98881
94 1.76981
94 1.597
94 1.41799
94 1.25811
94 1.15716
94 1.03236
94 0.944023
94 0.87516
94 0.826765
94 0.771832
94 0.741881
94 0.706066
94 0.68762
94 0.665319
94 0.656897
94 0.672708
94 0.663565
94 0.680757
94 0.694788
94 0.71704
94 0.743746
94 0.778725
94 0.813383
94 0.832811
94 0.881104
94 0.919662
94 0.968503
94 0.996319
94 1.06477
94 1.09404
94 1.1183
94 1.15237
94 1.19897
94 1.21337
94 1.22662
94 1.2291
94 1.22676
94 1.21387
94 1.178
94 1.16366
94 1.13187
94 1.09926
94 1.07187
94 1.03616
94 1.0178
94 1.00686
94 0.967473
94 0.958651
94 0.929999
94 0.921086
94 0.905987
94 0.902115
94 0.878266
94 0.887968
95 0
95 0
95 0
95 0
95 0
95 0
95 0
95 0
95 0
95 0
95 0
95 0
95 0
95 0
95 0
95 0
95 0
95 0
95 0
95 0
95 0
95 0
95 0
95 0
95 0
95 0
95 0
95 0
95 0
95 0
95 0
95 0
95 0
95 0
95 0.000917052
95 0.0225191
95 0.155178
95 0.559175
95 1.20159
95 1.82685
95 2.32896
95 2.55069
95 2.53589
95 2.42982
95 2.19881
95 1.94626
95 1.75063
95 1.58732
95 1.40082
95 1.23338
95 1.13229
95 1.03228
95 0.947943
95 0.884274
95 0.834446
95 0.784023
95 0.737401
95 0.718381
95 0.70679
95 0.686162
95 0.691491
95 0.684829
95 0.675861
95 0.676101
95 0.680279
95 0.714699
95 0.737304
95 0.765428
95 0.808381
95 0.836382
95 0.872649
95 0.923869
95 0.952637
95 1.00151
95 1.05383
95 1.08604
95 1.12891
95 1.16004
95 1.19072
95 1.21809
95 1.22696
95 1.23751
95 1.22512
95 1.19467
95 1.18933
95 1.16633
95 1.13263
95 1.10899
95 1.06791
95 1.04552
95 1.00843
95 0.998853
95 0.957803
95 0.953732
95 0.930916
95 0.91929
95 0.911215
95 0.904205
95 0.877613
95 0.883315
96 0
96 0
96 0
96 0
96 0
96 0
96 0
96 0
96 0
96 0
96 0
96 0
96 0
96 0
96 0
96 0
96 0
96 0
96 0
96 0
96 0
96 0
96 0
96 0
96 0
96 0
96 0
96 0
96 0
96 0
96 0
96 0
96 0
96 0
96 0.000733642
96 0.0282355
96 0.169434
96 0.582461
96 1.23547
96 1.89981
96 2.39504
96 2.58441
96 2.57505
96 2.4229
96 2.19418
96 1.96519
96 1.7527
96 1.53411
96 1.36509
96 1.2161
96 1.09094
96 1.00009
96 0.902519
96 0.840036
96 0.807214
96 0.760173
96 0.714662
96 0.697317
96 0.694446
96 0.683726
96 0.667991
96 0.676488
96 0.681226
96 0.688581
96 0.706438
96 0.735308
96 0.76606
96 0.807785
96 0.836693
96 0.871297
96 0.919406
96 0.948552
96 0.988481
96 1.02744
96 1.05733
96 1.10082
96 1.14559
96 1.15687
96 1.19148
96 1.19923
96 1.20967
96 1.21598
96 1.19687
96 1.18628
96 1.15248
96 1.1336
96 1.12418
96 1.0871
96 1.05219
96 1.01975
96 0.996725
96 0.986036
96 0.952929
96 0.93946
96 0.939485
96 0.90962
96 0.90424
96 0.891287
96 0.875285
96 0.880217
97 0
97 0
97 0
97 0
97 0
97 0
97 0
97 0
97 0
97 0
97 0
97 0
97 0
97 0
97 0
97 0
97 0
97 0
97 0
97 0
97 0
97 0
97 0
97 0
97 0
97 0
97 0
97 0
97 0
97 0
97 0
97 0
97 0
97 0
97 0.00119217
97 0.0237316
97 0.177217
97 0.561194
97 1.18959
97 1.8323
97 2.32064
97 2.55113
97 2.57028
97 2.39809
97 2.22593
97 1.9808
97 1.73922
97 1.58302
97 1.3812
97 1.25009
97 1.13755
97 1.03516
97 0.933013
97 0.868104
97 0.827978
97 0.781542
97 0.734905
97 0.713198
97 0.696296
97 0.670838
97 0.655764
97 0.65366
97 0.673262
97 0.669279
97 0.707356
97 0.713936
97 0.741154
97 0.770531
97 0.809986
97 0.850529
97 0.87423
97 0.943833
97 0.979697
97 1.03348
97 1.07216
97 1.09904
97 1.12608
97 1.16047
97 1.18556
97 1.20294
97 1.22463
97 1.22397
97 1.20192
97 1.21052
97 1.17624
97 1.16309
97 1.14347
97 1.09992
97 1.07327
97 1.04902
97 1.01649
97 0.977627
97 0.971415
97 0.947701
97 0.929828
97 0.912815
97 0.893045
97 0.889657
97 0.878142
97 0.881176
98 0
98 0
98 0
98 0
98 0
98 0
98 0
98 0
98 0
98 0
98 0
98 0
98 0
98 0
98 0
98 0
98 0
98 0
98 0
98 0
98 0
98 0
98 0
98 0
98 0
98 0
98 0
98 0
98 0
98 0
98 0
98 0
98 0
98 0
98 0.00100876
98 0.02633
98 0.151573
98 0.542021
98 1.17
98 1.86567
98 2.33588
98 2.51184
98 2.56762
98 2.39803
98 2.19148
98 1.98976
98 1.7683
98 1.56729
98 1.40579
98 1.23481
98 1.12005
98 1.01137
98 0.938914
98 0.882825
98 0.843376
98 0.770698
98 0.736854
98 0.702699
98 0.690682
98 0.673304
98 0.67998
98 0.677441
98 0.690448
98 0.691099
98 0.709298
98 0.716175
98 0.745622
98 0.77434
98 0.806124
98 0.847026
98 0.89068
98 0.931726
98 0.971224
98 1.02313
98 1.06396
98 1.10356
98 1.14792
98 1.16847
98 1.18316
98 1.21233
98 1.19869
98 1.20379
98 1.20466
98 1.1893
98 1.16702
98 1.15205
98 1.12299
98 1.09017
98 1.07019
98 1.03291
98 1.01044
98 0.985176
98 0.960941
98 0.952246
98 0.927078
98 0.923683
98 0.909456
98 0.887888
98 0.886198
98 0.88885
99 0
99 0
99 0
99 0
99 0
99 0
99 0
99 0
99 0
99 0
99 0
99 0
99 0
99 0
99 0
99 0
99 0
99 0
99 0
99 0
99 0
99 0
99 0
99 0
99 0
99 0
99 0
99 0
99 0
99 0
99 0
99 0
99 0
99 0
99 0.00119217
99 0.0226923
99 0.158537
99 0.539072
99 1.16838
99 1.86336
99 2.33747
99 2.54321
99 2.54605
99 2.4023
99 2.19732
99 1.99804
99 1.76436
99 1.56908
99 1.40226
99 1.26853
99 1.1453
99 1.03491
99 0.959389
99 0.886753
99 0.832167
99 0.779309
99 0.738427
99 0.71607
99 0.690682
99 0.674599
99 0.670228
99 0.654814
99 0.656244
99 0.673719
99 0.685972
99 0.709178
99 0.72511
99 0.761188
99 0.81201
99 0.843252
99 0.880401
99 0.938068
99 0.96815
99 1.0139
99 1.06309
99 1.09339
99 1.13337
99 1.16265
99 1.20379
99 1.2038
99 1.21673
99 1.21289
99 1.21303
99 1.20079
99 1.17071
99 1.17181
99 1.14106
99 1.10857
99 1.08076
99 1.05007
99 1.01656
99 0.989113
99 0.971989
99 0.943368
99 0.941648
99 0.927788
99 0.917123
99 0.894169
99 0.883925
99 0.881706
100 0
100 0
100 0
100 0
100 0
100 0
100 0
100 0
100 0
100 0
100 0
100 0
100 0
100 0
100 0
100 0
100 0
100 0
100 0
100 0
100 0
100 0
100 0
100 0
100 0
100 0
100 0
100 0
100 0
100 0
100 0
100 0
100 0
100 0
100 0.00119217
100 0.0243379
100 0.158947
100 0.567869
100 1.21058
100 1.87911
100 2.37607
100 2.53852
100 2.54278
100 2.37311
100 2.16585
100 1.95359
100 1.74179
100 1.52733
100 1.39024
100 1.20647
100 1.13156
100 1.0152
100 0.932934
100 0.870812
100 0.841575
100 0.779593
100 0.766022
100 0.724357
100 0.702069
100 0.696152
100 0.691998
100 0.702261
100 0.701234
100 0.694212
100 0.713706
100 0.724215
100 0.756508
100 0.785002
100 0.805147
100 0.835681
100 0.885782
100 0.904353
100 0.961546
100 1.00046
100 1.04638
100 1.08592
100 1.10937
100 1.15282
100 1.18999
100 1.19988
100 1.22802
100 1.21087
100 1.20905
100 1.20122
100 1.17707
100 1.14925
100 1.12093
100 1.10005
100 1.06245
100 1.03714
100 1.01932
100 0.984785
100 0.971938
100 0.962397
100 0.934008
100 0.932624
100 0.92078
100 0.894537
100 0.896954
100 0.891067
