0 5.03011 0
1 4.99954 0.0305678
2 5.01563 0.0238818
3 4.98022 0.0392348
4 5.02229 0.0519007
5 5.00201 0.0469801
6 5.02179 0.0443624
7 5.01467 0.0390746
8 5.00367 0.0361734
9 4.99763 0.0329124
10 4.98893 0.0310158
11 4.9858 0.0284861
12 4.99572 0.0280183
13 4.9866 0.0274955
14 4.98555 0.0256186
15 4.98708 0.0240126
16 4.97984 0.023689
17 4.98197 0.0224353
18 4.99282 0.0238381
19 4.99061 0.0227233
20 4.98548 0.0222148
21 4.9788 0.0222091
22 4.98869 0.0234165
23 4.9907 0.0225088
24 4.99689 0.0224603
25 5.00016 0.021825
26 5.0004 0.0210025
27 5.00082 0.0202429
28 4.99651 0.0200012
29 4.99606 0.0193283
30 4.99708 0.0187223
31 4.99537 0.0182089
32 4.99409 0.0176948
33 4.99467 0.0171762
34 4.99544 0.0166962
35 4.99179 0.016631
36 4.99734 0.0171015
37 4.99837 0.0166772
38 4.99984 0.0163097
39 5.00214 0.0160627
40 5.00058 0.0157432
41 4.99604 0.0160213
42 4.99966 0.016059
43 4.99998 0.0156929
44 5.00079 0.015362
45 5.00018 0.0150368
46 4.99991 0.014716
47 5.00064 0.0144245
48 5.00098 0.0141313
49 5.00011 0.013873
50 4.99861 0.0136801
51 4.99818 0.0134215
52 4.9974 0.013189
53 4.99595 0.0130235
54 4.99635 0.0127907
55 4.99547 0.0125907
56 4.99299 0.0126138
57 4.99328 0.0123978
58 4.99581 0.0124458
59 4.99778 0.0123936
60 4.99661 0.0122447
61 4.99998 0.0125084
62 5.00033 0.0123132
63 5.00196 0.0122283
64 5.00297 0.0120808
65 5.00528 0.0121191
66 5.00447 0.0119648
67 5.00426 0.0117892
68 5.00834 0.0123122
69 5.00617 0.0123275
70 5.00506 0.0122036
71 5.00476 0.0120365
72 5.00379 0.0119107
73 5.00221 0.011854
74 4.99916 0.0120863
75 4.99924 0.0119265
76 4.99892 0.011775
77 4.99657 0.0118582
78 4.99824 0.0118262
79 4.99859 0.0116826
80 5.00071 0.0117313
81 5.00055 0.0115884
82 5.00167 0.0115022
83 5.00433 0.0116707
84 5.00568 0.0116111
85 5.00652 0.0115061
86 5.00653 0.0113731
87 5.00797 0.011335
88 5.00679 0.0112688
89 5.0063 0.0111538
90 5.00509 0.0110969
91 5.00442 0.0109958
92 5.00381 0.0108943
93 5.0041 0.0107817
94 5.00123 0.0110453
95 5.00053 0.0109526
96 4.99856 0.0110151
97 4.99969 0.01096
98 4.99763 0.0110423
99 4.99881 0.0109945
