10 0.00384968
110 0.0075774
210 0.00863287
310 0.00918365
410 0.00950925
510 0.00990347
610 0.00972502
710 0.00941224
810 0.0100018
910 0.0100337
1010 0.00981487
1110 0.0101142
1210 0.00999217
1310 0.00995039
1410 0.00977016
1510 0.00952798
1610 0.00993731
1710 0.0101351
1810 0.0107098
1910 0.0104819
2010 0.00985977
2110 0.0101737
2210 0.00929487
2310 0.0103992
2410 0.0102709
2510 0.00967621
2610 0.00985335
2710 0.00976127
2810 0.00984842
2910 0.00980877
3010 0.00912245
3110 0.00951269
3210 0.0092472
3310 0.00976167
3410 0.00974804
3510 0.00851867
3610 0.00984252
3710 0.00926025
3810 0.00892958
3910 0.00861508
4010 0.0091256
4110 0.00956693
4210 0.00998027
4310 0.0101532
4410 0.00942402
4510 0.00860797
4610 0.00814961
4710 0.00859226
4810 0.00906957
4910 0.0091855
