10 0.000785205
110 0.00148267
210 0.00168468
310 0.00176657
410 0.00182392
510 0.00190444
610 0.00190435
710 0.00179374
810 0.00186489
910 0.00193631
1010 0.00189836
1110 0.00195472
1210 0.00192155
1310 0.0019419
1410 0.00190454
1510 0.00185589
1610 0.0018805
1710 0.00197333
1810 0.00209082
1910 0.00203763
2010 0.00193648
2110 0.00202563
2210 0.00176304
2310 0.00206544
2410 0.00197874
2510 0.00187069
2610 0.00190866
2710 0.00192188
2810 0.0018803
2910 0.00192705
3010 0.00173746
3110 0.00181282
3210 0.00175044
3310 0.00189117
3410 0.00193417
3510 0.0016819
3610 0.00191843
3710 0.00179356
3810 0.00176356
3910 0.00174087
4010 0.00185848
4110 0.00180199
4210 0.00193936
4310 0.00196377
4410 0.00186098
4510 0.00173361
4610 0.00167552
4710 0.00175403
4810 0.00184335
4910 0.0018422
