0  1
1  0.810129
2  0.699609
3  0.628017
4  0.564821
5  0.509573
6  0.468224
7  0.435945
8  0.401723
9  0.36543
10  0.33439
11  0.318526
12  0.301592
13  0.283867
14  0.262232
15  0.251633
16  0.234322
17  0.219495
18  0.21907
19  0.203957
20  0.190353
21  0.172308
22  0.145711
23  0.136217
24  0.141182
25  0.143007
26  0.123639
27  0.0983279
28  0.0980406
29  0.100727
30  0.103469
31  0.0962143
32  0.0933053
33  0.0995104
34  0.0971774
35  0.0877688
36  0.0856065
37  0.0713329
38  0.0390797
39  0.0148346
40  0.0154922
41  0.03198
42  0.0492198
43  0.0601223
44  0.0475878
45  0.0460465
46  0.0462583
47  0.0450216
48  0.0520949
49  0.0611148
50  0.080966
51  0.0835688
52  0.0790897
53  0.075207
54  0.0669218
55  0.0644938
56  0.0614106
57  0.052125
58  0.057148
59  0.0788138
60  0.0853764
61  0.103346
62  0.118305
63  0.119693
64  0.105598
65  0.102265
66  0.115048
67  0.13278
68  0.128374
69  0.146294
70  0.165444
71  0.171818
72  0.180221
73  0.171667
74  0.169529
75  0.160121
76  0.173844
77  0.164131
78  0.165497
79  0.180019
80  0.170735
81  0.15953
82  0.164576
83  0.162995
84  0.166384
85  0.166465
86  0.174017
87  0.186457
88  0.17851
89  0.174282
90  0.176214
91  0.183514
92  0.170913
93  0.156174
94  0.133354
95  0.121744
96  0.116826
97  0.101715
98  0.0969988
99  0.0795864
100  0.0671592
101  0.0668674
102  0.0735448
103  0.0982947
104  0.127489
105  0.122153
106  0.120881
107  0.113487
108  0.095392
109  0.0745387
110  0.0700738
111  0.0637062
112  0.0632868
113  0.0589001
114  0.0681738
115  0.0780557
116  0.0728016
117  0.0858126
118  0.0783166
119  0.0835158
120  0.0881169
121  0.0910271
122  0.0882618
123  0.0830756
124  0.0750176
125  0.0680773
126  0.0454797
127  0.0277075
128  0.0337898
129  0.034919
130  0.028012
131  0.00668719
132  0.00133069
133  -0.00129018
134  -0.00112626
135  0.00322489
136  0.0102442
137  0.0156104
138  0.0379603
139  0.0384505
140  0.0594393
141  0.0809532
142  0.0815051
143  0.0828653
144  0.0792725
145  0.0602392
146  0.0630091
147  0.0731114
148  0.0897935
149  0.119098
150  0.122042
151  0.122671
152  0.129719
153  0.140849
154  0.155351
155  0.15614
156  0.162032
157  0.165788
158  0.165072
159  0.147821
160  0.142583
161  0.120276
162  0.116381
163  0.110237
164  0.0843286
165  0.0756096
166  0.0778927
167  0.0814841
168  0.0672991
169  0.0380023
170  0.0278978
171  0.0162854
172  0.0103849
173  0.0198749
174  0.0376163
175  0.0416048
176  0.0537143
177  0.0563537
178  0.0674421
179  0.0755968
180  0.0732541
181  0.0879332
182  0.0923287
183  0.0956322
184  0.0960702
185  0.0679282
186  0.0570252
187  0.036334
188  0.0189891
189  0.0140945
190  0.0176865
191  0.0259134
192  0.0256441
193  0.0172512
194  0.00628236
195  -0.00751322
196  -0.00924008
197  0.00717533
198  -0.000207452
199  0.0146259
200  0.00625752
201  0.00501066
202  -0.0165467
203  -0.0385625
204  -0.0432445
205  -0.0581587
206  -0.0767886
207  -0.0864644
208  -0.0892072
209  -0.0944735
210  -0.0927779
211  -0.0766123
212  -0.0641907
213  -0.0544342
214  -0.0562578
215  -0.0659561
216  -0.0647953
217  -0.0548232
218  -0.0703752
219  -0.0613438
220  -0.0484204
221  -0.0702049
222  -0.0685841
223  -0.0627132
224  -0.0723192
225  -0.061253
226  -0.0575536
227  -0.0551158
228  -0.0737702
229  -0.0657114
230  -0.0723109
231  -0.0772818
232  -0.0596108
233  -0.046101
234  -0.0256235
235  -0.0337007
236  -0.0276409
237  -0.0384296
238  -0.0493454
239  -0.0677244
240  -0.0787433
241  -0.0864003
242  -0.0731889
243  -0.0627909
244  -0.0440057
245  -0.0265387
246  -0.0209795
247  0.00184139
248  0.00809903
249  0.00310292
250  0.00375932
251  0.00451191
252  -0.000676318
253  0.0198438
254  0.0359325
255  0.0373836
256  0.0243794
257  0.0194292
258  0.0312073
259  0.0388263
260  0.0368732
261  0.0226803
262  0.02942
263  0.0406748
264  0.0381778
265  0.0519536
266  0.0731191
267  0.0761365
268  0.0810832
269  0.0907229
270  0.0917385
271  0.0603803
272  0.0613663
273  0.0559039
274  0.0461217
275  0.030238
276  0.0219825
277  0.0227416
278  0.0315378
279  0.042677
280  0.0367138
281  0.0330784
282  0.0426109
283  0.0422255
284  0.0513576
285  0.0653892
286  0.057387
287  0.0687052
288  0.0733663
289  0.0508752
290  0.0399196
291  0.0203066
292  0.00642533
293  -0.00545924
294  -0.0232236
295  -0.00890349
296  0.0154407
297  0.0210364
298  0.0242217
299  0.0443071
300  0.040856
301  0.0489408
302  0.0284782
303  0.0321239
304  0.0197516
305  0.0159898
306  0.0118332
307  -0.00184819
308  -0.0199112
309  -0.0300734
310  -0.0529245
311  -0.0584052
312  -0.0854539
313  -0.105444
314  -0.110196
315  -0.117349
316  -0.097532
317  -0.0971713
318  -0.109636
319  -0.12666
320  -0.111278
321  -0.103329
322  -0.114984
323  -0.109674
324  -0.106503
325  -0.105412
326  -0.104808
327  -0.100451
328  -0.0926312
329  -0.0885382
330  -0.0795491
331  -0.0857917
332  -0.0953002
333  -0.0970578
334  -0.0943251
335  -0.091184
336  -0.0692566
337  -0.0478677
338  -0.0463737
339  -0.0340257
340  -0.0357168
341  -0.00803051
342  -0.00294754
343  -0.0291615
344  -0.0418447
345  -0.0678456
346  -0.0543608
347  -0.0559193
348  -0.0642748
349  -0.055
350  -0.0531546
351  -0.0260013
352  -0.023408
353  -0.0353506
354  -0.0368413
355  -0.0284125
356  -0.0326237
357  -0.00540023
358  0.0115269
359  0.00865529
360  -0.0216877
361  -0.0260831
362  -0.045573
363  -0.0739119
364  -0.0887691
365  -0.0936268
366  -0.0803348
367  -0.0807891
368  -0.105257
369  -0.114208
370  -0.118304
371  -0.106316
372  -0.0843233
373  -0.0668935
374  -0.0730133
375  -0.0596878
376  -0.0552556
377  -0.0760999
378  -0.0871144
379  -0.0829499
380  -0.0780068
381  -0.0806409
382  -0.0829064
383  -0.0676566
384  -0.103364
385  -0.116802
386  -0.136777
387  -0.121989
388  -0.115813
389  -0.111443
390  -0.13064
391  -0.127471
392  -0.1301
393  -0.14291
394  -0.142562
395  -0.159623
396  -0.153708
397  -0.16103
398  -0.173591
399  -0.17547
400  -0.144576
401  -0.138527
402  -0.137735
403  -0.109072
404  -0.0870982
405  -0.101937
406  -0.111427
407  -0.095345
408  -0.0870972
409  -0.0934452
410  -0.116152
411  -0.138491
412  -0.131981
413  -0.124341
414  -0.143406
415  -0.14274
416  -0.125761
417  -0.110162
418  -0.106021
419  -0.128131
420  -0.123041
421  -0.1276
422  -0.144909
423  -0.153115
424  -0.144519
425  -0.122248
426  -0.127271
427  -0.146484
428  -0.152997
429  -0.158126
430  -0.164674
431  -0.145322
432  -0.140791
433  -0.11408
434  -0.103493
435  -0.107132
436  -0.0985246
437  -0.0686118
438  -0.0532087
439  -0.0395342
440  -0.0435084
441  -0.0365192
442  -0.0232822
443  -0.0226697
444  -0.0132862
445  0.00747145
446  0.0138334
447  -0.00806633
448  -0.0125424
449  -0.00727379
450  -0.00944443
451  0.00374929
452  0.00505454
453  -0.01061
454  -0.0133727
455  -0.0137079
456  -0.00783144
457  0.00782114
458  0.0122214
459  0.0286824
460  0.0114781
461  0.0100842
462  0.0192876
463  0.0525504
464  0.0652302
465  0.0693228
466  0.0735715
467  0.0909092
468  0.0745203
469  0.0799011
470  0.0886575
471  0.0895003
472  0.0735275
473  0.0647221
474  0.0656548
475  0.066586
476  0.0870058
477  0.0975608
478  0.0805561
479  0.105761
480  0.117413
481  0.113531
482  0.103989
483  0.0887404
484  0.079539
485  0.0858985
486  0.0664249
487  0.0731788
488  0.0558276
489  0.0235745
490  -0.0196799
491  -0.06267
492  -0.0642297
493  -0.0737804
494  -0.098503
495  -0.0928839
496  -0.0913492
497  -0.0925545
498  -0.0993364
499  -0.0693129
500  -0.0467097
501  -0.0393803
502  -0.0466045
503  -0.0666332
504  -0.0490676
505  -0.0513021
506  -0.052213
507  -0.0398811
508  -0.0405711
509  -0.0475161
510  -0.041811
511  -0.0483279
512  -0.0422919
513  -0.0283838
514  -0.0440828
515  -0.0338198
516  -0.0332982
517  -0.0241486
518  -0.000500322
519  -0.00947158
520  0.00105144
521  0.0227052
522  0.0437118
523  0.0580204
524  0.0814227
525  0.0876467
526  0.0651765
527  0.0537896
528  0.0620999
529  0.0486243
530  0.0487182
531  0.0474994
532  0.046276
533  0.0647285
534  0.0540156
535  0.0807045
536  0.0897089
537  0.105857
538  0.11518
539  0.103278
540  0.0873541
541  0.0964889
542  0.0777568
543  0.0888201
544  0.076898
545  0.0609115
546  0.0496917
547  0.0365579
548  0.0499557
549  0.0385892
550  0.0371306
551  0.0196807
552  0.019072
553  0.0330856
554  0.0623851
555  0.0898425
556  0.128222
557  0.131247
558  0.138933
559  0.151501
560  0.144599
561  0.14247
562  0.127078
563  0.132135
564  0.138399
565  0.117286
566  0.13075
567  0.12193
568  0.104424
569  0.0792154
570  0.0530341
571  0.0483594
572  0.0492459
573  0.0620107
574  0.073229
575  0.0713427
576  0.0167568
577  -0.026387
578  -0.0303905
579  -0.0519148
580  -0.0480805
581  -0.0568132
582  -0.079677
583  -0.0913803
584  -0.0703965
585  -0.0596462
586  -0.0317892
587  -0.010367
588  -0.014384
589  -0.0017464
590  0.0168713
591  0.0360484
592  0.059848
593  0.0909384
594  0.0954269
595  0.0988139
596  0.0962376
597  0.0853972
598  0.0777626
599  0.0767201
600  0.0952557
601  0.0740942
602  0.036416
603  0.00789983
604  0.00835114
605  0.0337678
606  0.0364323
607  0.0433903
608  0.0748625
609  0.0708746
610  0.0624272
611  0.0427452
612  0.000762229
613  -0.0281918
614  -0.0288443
615  -0.0282782
616  -0.015155
617  0.0154283
618  -0.00340601
619  -0.000764965
620  0.0286094
621  0.0564925
622  0.0381864
623  0.0559362
624  0.0909487
625  0.13844
626  0.190014
627  0.236941
628  0.255859
629  0.278572
630  0.266934
631  0.239629
632  0.204734
633  0.204223
634  0.219919
635  0.230261
636  0.241235
637  0.255631
638  0.272298
639  0.294834
640  0.307709
641  0.313603
642  0.325552
643  0.322731
644  0.280131
645  0.268877
646  0.224267
647  0.189575
648  0.17815
649  0.135024
650  0.136797
651  0.143899
652  0.137189
653  0.120235
654  0.11322
655  0.0852645
656  0.065582
657  0.0746724
658  0.100226
659  0.109197
660  0.106358
661  0.0937358
662  0.069951
663  0.0961785
664  0.0854307
665  0.0498707
666  0.0129793
667  0.00617075
668  -0.0147861
669  -0.018599
670  -0.0229789
671  -0.00585305
672  -0.0278245
673  -0.0708288
674  -0.0927319
675  -0.117983
676  -0.0937757
677  -0.0896465
678  -0.0588888
679  -0.0434763
680  -0.047614
681  -0.0634022
682  -0.0553617
683  -0.0747936
684  -0.0978622
685  -0.109887
686  -0.11604
687  -0.127384
688  -0.138745
689  -0.141388
690  -0.125365
691  -0.13649
692  -0.14402
693  -0.148587
694  -0.163373
695  -0.177126
696  -0.150567
697  -0.124476
698  -0.11897
699  -0.0826391
700  -0.0552609
701  -0.0337769
702  -0.0599861
703  -0.0257289
704  -0.0111628
705  -0.0127525
706  -0.0293374
707  -0.0496254
708  -0.0662989
709  -0.0813422
710  -0.0679584
711  -0.0404833
712  0.0093506
713  0.0280451
714  0.0690073
715  0.108903
716  0.117337
717  0.124083
718  0.122736
719  0.116798
720  0.106063
721  0.0901256
722  0.0892879
723  0.0981642
724  0.133063
725  0.113089
726  0.101963
727  0.0649575
728  0.0275812
729  0.0517461
730  0.0916273
731  0.106094
732  0.0975773
733  0.091128
734  0.0889053
735  0.073289
736  0.0140826
737  -0.0199936
738  -0.0443761
739  -0.0754432
740  -0.0898039
741  -0.0647009
742  -0.033736
743  -0.0355161
744  -0.0540154
745  -0.0569728
746  -0.0210562
747  -0.00121641
748  0.0324937
749  0.0556031
750  0.0754921
751  0.0423802
752  0.0262269
753  0.020531
754  0.0405479
755  0.0572952
756  0.0120699
757  0.0150135
758  0.0186559
759  0.01097
760  0.00465141
761  -0.00120177
762  0.024629
763  0.0335499
764  0.043893
765  0.0525335
766  0.0785574
767  0.127324
768  0.118829
769  0.103866
770  0.0870055
771  0.0623834
772  0.0496023
773  0.0356164
774  0.0254935
775  0.0632691
776  0.081793
777  0.101651
778  0.126552
779  0.146457
780  0.145578
781  0.149693
782  0.187247
783  0.24404
784  0.267824
785  0.273486
786  0.306629
787  0.311568
788  0.324945
789  0.308739
790  0.330734
791  0.345958
792  0.376294
793  0.360044
794  0.330749
795  0.294082
796  0.24545
797  0.184299
798  0.105124
799  0.0684662
800  0.067343
801  0.092132
802  0.0477462
803  0.0231603
804  0.0324042
805  0.076134
806  0.0832671
807  0.125595
808  0.158167
809  0.166888
810  0.193243
811  0.187429
812  0.204292
813  0.255716
814  0.245486
815  0.212548
816  0.228078
817  0.229287
818  0.222875
819  0.195873
820  0.22476
821  0.222231
822  0.198906
823  0.144269
824  0.112901
825  0.125983
826  0.0961715
827  0.0187355
828  -0.00809708
829  -0.0406582
830  -0.123519
831  -0.211417
832  -0.249729
833  -0.256061
834  -0.248117
835  -0.286591
836  -0.304628
837  -0.276423
838  -0.272482
839  -0.256332
840  -0.211527
841  -0.183061
842  -0.185296
843  -0.189153
844  -0.202791
845  -0.237393
846  -0.281706
847  -0.352413
848  -0.388101
849  -0.432834
850  -0.486531
851  -0.510332
852  -0.506697
853  -0.465158
854  -0.372429
855  -0.289799
856  -0.262026
857  -0.224204
858  -0.18691
859  -0.138435
860  -0.0587335
861  -0.0179019
862  0.0661328
863  0.128996
864  0.168711
865  0.176701
866  0.179222
867  0.128885
868  0.0983187
869  0.069574
870  0.0606177
871  0.0533309
872  0.0517216
873  0.076033
874  0.10589
875  0.103448
876  0.0538768
877  0.0583988
878  -0.0163854
879  -0.0360497
880  -0.00485135
881  -0.00986745
882  -0.00453192
883  0.0178241
884  0.081793
885  0.0375104
886  -0.0240971
887  -0.0599919
888  -0.100181
889  -0.0698453
890  0.00306266
891  -0.0328308
892  -0.0527015
893  -0.0306642
894  -0.0358516
895  -0.0133971
896  0.0940824
897  0.185349
898  0.191301
899  0.182734
900  0.15395
901  0.0913548
902  0.0784054
903  0.0801878
904  0.134484
905  0.211632
906  0.230478
907  0.320712
908  0.335626
909  0.352451
910  0.400923
911  0.408109
912  0.408656
913  0.417352
914  0.449126
915  0.475879
916  0.512061
917  0.521257
918  0.428902
919  0.286751
920  0.187193
921  0.139761
922  0.147422
923  0.104821
924  0.303223
925  0.450136
926  0.580126
927  0.641934
928  0.700228
929  0.65973
930  0.721399
931  0.779162
932  0.79094
933  0.856467
934  0.756656
935  0.722447
936  0.733975
937  0.746719
938  0.605597
939  0.555002
940  0.538013
941  0.545617
942  0.514667
943  0.543226
944  0.65603
945  0.723073
946  0.782267
947  0.783725
948  0.741367
949  0.81385
950  0.788613
951  0.730988
952  0.659078
953  0.520081
954  0.350576
955  0.156154
956  0.092841
957  0.0470571
958  0.0656573
959  0.116535
960  0.0497469
961  -0.0136969
962  -0.0620876
963  -0.11628
964  -0.182129
965  -0.292705
966  -0.215019
967  -0.16432
968  -0.140333
969  -0.0247869
970  -0.0476226
971  -0.110804
972  -0.0637779
973  -0.136798
974  -0.0784981
975  -0.0333509
976  -0.0199338
977  0.195702
978  0.332952
979  0.396787
980  0.573171
981  0.635651
982  0.503934
983  0.547744
984  0.595794
985  0.528438
986  0.541555
987  0.661404
988  0.465454
989  0.457786
990  0.247687
991  0.159186
992  0.0672172
993  -0.0182524
994  0.0139345
995  -0.0232147
996  -0.0158997
997  0.0211477
998  0.0633798
999  0
