0  1
1  0.408146
2  0.172579
3  0.0848931
4  0.06435
5  0.0316736
6  0.0169374
7  0.0438609
8  0.00385602
9  -0.0235847
10  0.0224656
11  0.020168
12  -0.0161609
13  -0.0404279
14  -0.0629024
15  -0.0491176
16  -0.0434006
17  -0.0149645
18  0.00235244
19  -0.00416666
20  0.0165749
21  0.0866415
22  0.114342
23  0.0722861
24  0.0667331
25  0.0507833
26  0.0352917
27  0.0433956
28  0.0663877
29  0.0577333
30  0.00186832
31  -0.00626321
32  0.00722283
33  0.0411294
34  0.0275453
35  0.00669804
36  -0.0482195
37  -0.0591553
38  -0.0755245
39  -0.0110262
40  0.00319317
41  0.0128658
42  0.0375084
43  0.0596359
44  0.0869112
45  0.0676356
46  0.0478523
47  0.0928172
48  0.117432
49  0.0781295
50  0.0797814
51  0.0807161
52  0.0568943
53  0.0329271
54  0.0530675
55  0.053956
56  0.0590743
57  0.00887935
58  -0.0367418
59  -0.0247232
60  -0.0235684
61  0.000152953
62  -0.0211423
63  -0.0877516
64  -0.064429
65  -0.040355
66  0.0416004
67  0.0238297
68  -0.0143422
69  0.0425331
70  0.00740839
71  0.0221498
72  0.0147846
73  -0.0100855
74  -0.0614672
75  -0.0254054
76  0.0254425
77  -0.00527585
78  0.0358957
79  0.0714211
80  0.0166468
81  -0.0257903
82  0.000759324
83  -0.00905633
84  -0.0107184
85  0.000353473
86  0.01778
87  0.0243028
88  0.00581705
89  0.0437858
90  0.0539209
91  0.0501206
92  0.018396
93  -0.0252319
94  -0.0435974
95  0.0156743
96  0.0101586
97  0.0224158
98  -0.0245724
99  -0.0308219
100  0.000612059
101  -0.0079854
102  -0.0616212
103  -0.0457493
104  -0.0217314
105  -0.0238606
106  0.0138885
107  0.0664245
108  0.0513896
109  0.00731351
110  0.00744374
111  0.0122046
112  0.0186462
113  0.013935
114  0.0532382
115  0.0328216
116  -0.0204693
117  0.00406867
118  0.000262043
119  -0.0523266
120  -0.0574626
121  -0.0639928
122  -0.0398263
123  8.33285e-05
124  -0.0134283
125  -0.0357377
126  -0.00532646
127  -0.0213121
128  0.00774671
129  -0.040265
130  -0.0166179
131  -0.0417827
132  -0.0441864
133  -0.0424588
134  -0.00434172
135  0.0272319
136  0.0488277
137  0.0255051
138  0.0395061
139  0.0519155
140  0.0141435
141  0.00547998
142  -0.040472
143  -0.0361146
144  -0.0378421
145  -0.00686885
146  0.0393035
147  0.0491763
148  0.0140527
149  -0.028329
150  -0.0362642
151  -0.0346864
152  -0.0292382
153  -0.0263043
154  -0.0173811
155  -0.0163308
156  0.0195951
157  0.0214014
158  0.0379359
159  0.0475757
160  0.019865
161  0.00897994
162  0.00468327
163  0.0199362
164  -0.0378279
165  -0.0423463
166  -0.0192072
167  0.011153
168  0.00501587
169  0.0358035
170  0.016969
171  0.0148502
172  0.000429539
173  0.024119
174  0.0599149
175  -0.00892856
176  0.0413948
177  -0.00851648
178  0.00228833
179  0.0144144
180  0.00355726
181  -0.0409456
182  -0.0575664
183  -0.0285009
184  -0.0228638
185  -0.0564568
186  -0.0488986
187  -0.0455315
188  -0.0576882
189  -0.0509394
190  -0.0432635
191  -0.0292383
192  -0.0172209
193  -0.0373509
194  -0.0633663
195  -0.0499536
196  -0.0643886
197  -0.0772673
198  -0.108456
199  -0.0626085
200  -0.0608863
201  -0.0373461
202  0.0184226
203  0.057116
204  0.0266553
205  -0.028988
206  -0.00369801
207  0.0139442
208  -0.0109473
209  -0.0363104
210  -0.0348527
211  -0.0619981
212  -0.0314326
213  0.0584647
214  0.0216861
215  0.0237599
216  -0.027166
217  -0.0476772
218  -0.101611
219  -0.0627078
220  -0.0204447
221  -0.0122336
222  -0.0228127
223  0.0078197
224  0.0314734
225  0.0468172
226  -0.0107945
227  -0.0189806
228  -0.0191051
229  -0.0145703
230  0.0124778
231  0.000620345
232  0.00125366
233  -0.0316556
234  0.00799448
235  0.0126402
236  -0.000547017
237  -0.0170765
238  -0.0228162
239  -0.0850419
240  -0.108479
241  -0.120151
242  -0.0548719
243  -0.0448326
244  -0.087383
245  -0.0368217
246  -0.0494948
247  -0.0436133
248  -0.048432
249  0.00528377
250  0.0231591
251  -0.0370432
252  -0.0229133
253  0.0423072
254  0.0537248
255  0.0304859
256  0.0519222
257  -0.000461178
258  0.0394668
259  0.0376772
260  0.0367801
261  0.0256857
262  0.0451673
263  0.0541869
264  0.0720896
265  0.0187057
266  -0.00836738
267  -0.0519741
268  -0.0766171
269  -0.0426061
270  -0.0529482
271  -0.0369129
272  -0.040531
273  -0.0401458
274  -0.00603666
275  0.0187976
276  0.0284083
277  0.00402057
278  -0.0235614
279  -0.0196534
280  0.00553825
281  0.0313749
282  0.0831303
283  0.0677326
284  0.0439246
285  0.0409314
286  0.0625502
287  0.0206852
288  0.00160659
289  -0.0223746
290  -0.0131573
291  -0.00165016
292  0.0366365
293  0.00284801
294  -0.0670371
295  -0.079623
296  -0.0511466
297  -0.0316318
298  -0.0186329
299  -0.0134856
300  -0.00180411
301  0.006149
302  0.0316313
303  0.0690724
304  0.0392342
305  0.0523615
306  0.0443045
307  0.0468124
308  0.0284998
309  0.0360305
310  0.0361987
311  0.0123265
312  0.00968547
313  0.0213421
314  0.0465553
315  0.011777
316  0.0319257
317  0.0120196
318  -0.0069536
319  -0.0409125
320  -0.0254818
321  0.033054
322  -0.0197536
323  -0.0256682
324  -0.0104427
325  0.0179442
326  -0.0139803
327  -0.0212973
328  0.00499743
329  0.0150771
330  0.02453
331  0.0688182
332  0.0797202
333  0.029721
334  0.0351985
335  0.0460952
336  0.0428607
337  0.0211161
338  0.0121021
339  -0.00889621
340  0.00250816
341  -0.0109802
342  0.00261518
343  0.0158559
344  -0.052301
345  -0.0534654
346  -0.036735
347  -0.00274479
348  -0.0140974
349  -0.0137104
350  -0.0404194
351  -0.0603721
352  -0.0256562
353  -0.00114245
354  0.00722717
355  -0.000422475
356  -0.00732262
357  -0.0205712
358  -0.0272404
359  -0.000700574
360  -0.0414198
361  0.0130446
362  0.00906699
363  0.00456492
364  -0.000729326
365  -0.0161682
366  -0.0302824
367  0.0172063
368  0.021498
369  0.044544
370  -0.00348799
371  0.0236778
372  0.0278492
373  0.0271237
374  -0.0345671
375  -0.0137198
376  0.00893496
377  -0.0265899
378  -0.0496609
379  -0.0655148
380  -0.0241299
381  -0.0350328
382  -0.0146512
383  -0.0111196
384  -0.0631276
385  -0.0282381
386  0.019353
387  0.0442792
388  0.0385888
389  0.0381576
390  0.0244531
391  0.0297643
392  0.0113394
393  0.0207405
394  0.00186726
395  -0.00780506
396  0.0330206
397  0.0433611
398  -0.0438011
399  -0.0218575
400  -0.0130439
401  -0.0121692
402  -0.00201528
403  0.027078
404  0.0339327
405  -0.0216137
406  0.0285894
407  0.0390236
408  0.0241744
409  0.0560106
410  0.0575246
411  -0.0221667
412  -0.0476332
413  -0.0116976
414  0.0224478
415  -0.00361915
416  0.0432368
417  0.0180376
418  0.0247389
419  0.00318499
420  0.0284364
421  0.0376088
422  0.0464431
423  0.0358231
424  -0.00283617
425  0.0201542
426  -0.0352767
427  -0.0343018
428  0.0510975
429  0.0380606
430  0.0219631
431  0.0122457
432  -0.00556532
433  -0.0239176
434  -0.0185915
435  0.031832
436  0.0634082
437  0.105681
438  0.11731
439  0.0965306
440  0.0838208
441  0.0586763
442  0.00959651
443  -0.0115909
444  -0.0271068
445  0.000798196
446  0.0163594
447  0.00401304
448  -0.00725829
449  -0.00322187
450  -0.0342566
451  -0.0840076
452  -0.0413559
453  -0.0138515
454  -0.0144051
455  -0.0125175
456  -0.0363167
457  0.0370946
458  0.0572726
459  0.0141688
460  -0.0169825
461  -0.0401372
462  0.0550499
463  0.0612062
464  0.0738103
465  0.016175
466  0.0281719
467  -0.0166017
468  0.000211475
469  0.01036
470  -0.0266416
471  -0.0744327
472  -0.00908848
473  -0.0500154
474  -0.076368
475  0.0367834
476  0.0663432
477  0.0577997
478  0.00365526
479  0.0694903
480  0.00727542
481  -0.0171123
482  -0.00580283
483  -0.0213401
484  0.0307672
485  0.0856812
486  0.0963865
487  0.0615348
488  0.0202109
489  0.0810367
490  0.031226
491  0.0161612
492  0.0314625
493  -0.000380527
494  -0.0388182
495  -0.00480659
496  0.0132724
497  0.0451723
498  -0.0359324
499  0.00427583
500  0.0290324
501  0.0180036
502  -0.027775
503  -0.0478826
504  -0.0299476
505  -0.0493073
506  -0.0268192
507  -0.00104066
508  0.0305906
509  0.00542048
510  -0.0138821
511  0.00732919
512  -0.0118351
513  0.0457476
514  0.104139
515  0.0513731
516  0.028843
517  0.0222509
518  -0.00143808
519  -0.0123234
520  -0.00986245
521  0.00155236
522  -0.0714686
523  -0.045308
524  0.00427229
525  -0.0101858
526  -0.0107904
527  -0.0358177
528  0.0369928
529  -0.0195577
530  -0.0632916
531  -0.110111
532  -0.0523989
533  -0.0236024
534  -0.0169526
535  0.0780738
536  0.129926
537  0.111691
538  0.0983959
539  0.0202322
540  -0.0107596
541  0.0449179
542  0.0390816
543  0.0519263
544  0.0535151
545  0.0960458
546  0.0416788
547  0.000969966
548  0.00967785
549  -0.038279
550  -0.0721234
551  -0.108318
552  -0.0637165
553  -0.0410771
554  -0.0549982
555  -0.000223127
556  0.0258039
557  -0.0136989
558  -0.0242083
559  -0.0264519
560  -0.0735056
561  -0.0381396
562  -0.0092915
563  0.0551744
564  0.0219643
565  0.0166769
566  0.0431853
567  0.0601227
568  0.083429
569  0.0960373
570  0.0678991
571  0.0520825
572  0.0124201
573  -0.0437158
574  -0.0762086
575  0.0429658
576  0.086684
577  0.0253733
578  -0.0153837
579  8.03508e-05
580  0.0715884
581  0.0574412
582  0.0219211
583  0.0407842
584  0.0700299
585  0.0633087
586  0.108599
587  0.080537
588  -0.00195338
589  -0.0372561
590  0.0139315
591  -0.0245021
592  0.0864439
593  0.0894526
594  0.0431657
595  -0.0119003
596  0.002541
597  0.0138178
598  0.0266788
599  0.0662813
600  0.0208598
601  -0.0196534
602  -0.0379607
603  -0.00312876
604  0.0123535
605  0.0221414
606  0.02434
607  -0.00751674
608  0.00582714
609  0.0381068
610  0.0320353
611  0.00509657
612  0.0121579
613  0.0495819
614  0.103427
615  0.0639294
616  0.0171168
617  0.0464837
618  -0.0130738
619  0.00463862
620  0.0305985
621  0.0188733
622  -0.00732659
623  0.110571
624  0.117647
625  0.138346
626  0.0381404
627  0.0358995
628  0.0434127
629  -0.00753583
630  -0.0589247
631  0.00852401
632  0.0160573
633  -0.0179715
634  -0.0464799
635  -0.013818
636  0.0215478
637  -0.0544271
638  -0.0344389
639  -0.048742
640  -0.108403
641  -0.0907146
642  -0.00638792
643  -0.0344182
644  -0.0535388
645  -0.0432215
646  -0.0133144
647  0.0352505
648  0.0867606
649  0.0920303
650  0.108227
651  0.0861399
652  0.0875867
653  0.117589
654  0.0734369
655  0.0275373
656  0.0170053
657  -0.00818584
658  -0.00507852
659  0.0263583
660  0.0359275
661  0.000548024
662  -0.0480017
663  -0.0589316
664  -0.0766738
665  -0.0969546
666  -0.0990391
667  -0.00502168
668  -0.0113115
669  0.008861
670  0.0802314
671  0.154513
672  0.0580404
673  -0.0300966
674  -0.0550503
675  0.0322964
676  0.0403838
677  0.0106739
678  0.00859708
679  -0.00242636
680  -0.125259
681  -0.134797
682  -0.0399998
683  0.0557166
684  -0.00771438
685  -0.102211
686  -0.220649
687  -0.214037
688  -0.225216
689  -0.132927
690  -0.0766815
691  -0.00238329
692  0.0371007
693  0.0799929
694  0.0725355
695  0.0653442
696  0.0404888
697  0.00820692
698  -0.0238916
699  -0.0112162
700  -0.0394678
701  -0.00051425
702  0.0313915
703  0.0432495
704  0.106622
705  0.0319018
706  0.00465354
707  -0.0693894
708  -0.10056
709  -0.118994
710  -0.138073
711  -0.132427
712  -0.0219028
713  -0.0861822
714  -0.0511174
715  -0.0142811
716  -0.013832
717  -0.0492417
718  -0.0719708
719  -0.0671414
720  -0.0188433
721  -0.0868812
722  -0.00374211
723  -0.0152019
724  -0.0073659
725  -0.00270359
726  0.00606561
727  -0.00670127
728  -0.0360978
729  -0.0491934
730  -0.064729
731  -0.0444732
732  -0.114551
733  -0.135272
734  -0.161317
735  -0.149856
736  -0.156243
737  -0.093388
738  -0.0309507
739  0.0833462
740  0.0178018
741  -0.0199308
742  -0.00331773
743  0.0370924
744  0.0136114
745  0.0255293
746  0.032813
747  -0.0923909
748  -0.0401836
749  0.0618818
750  -0.00606898
751  0.00988439
752  -0.144686
753  -0.150866
754  -0.182111
755  -0.131785
756  -0.102787
757  -0.0518919
758  -0.0148519
759  0.0795882
760  0.116628
761  0.0528074
762  0.0884633
763  -0.0104628
764  -0.0809115
765  -0.133259
766  -0.113755
767  -0.100288
768  -0.0735705
769  -0.136903
770  -0.0989029
771  -0.0334586
772  0.0193552
773  0.0133894
774  -0.0491025
775  -0.10674
776  -0.23094
777  -0.127905
778  -0.0109403
779  -0.088891
780  -0.221585
781  -0.167834
782  -0.0578252
783  -0.040786
784  0.00483699
785  -0.0620106
786  -0.0794942
787  -0.119299
788  -0.0737186
789  -0.0170788
790  0.0634444
791  0.112638
792  0.0484399
793  0.106466
794  0.0311919
795  -0.0370114
796  -0.0920024
797  -0.136941
798  -0.121814
799  -0.0772579
800  -0.0759065
801  -0.0307219
802  -0.129924
803  -0.162074
804  -0.158902
805  -0.116502
806  -0.0507763
807  -0.0570079
808  -0.147113
809  -0.171073
810  -0.0629807
811  0.02197
812  -0.0175972
813  -0.0188842
814  -0.12842
815  -0.163393
816  -0.0823249
817  -0.0615199
818  -0.0446368
819  -0.0393692
820  -0.0160487
821  -0.00222716
822  -0.0509513
823  -0.0756083
824  -0.0391713
825  0.0047634
826  0.0118205
827  -0.0118095
828  0.0725689
829  0.148737
830  0.157344
831  0.124687
832  0.0458597
833  0.0740982
834  0.0538602
835  0.0846454
836  -0.0494024
837  -0.00308422
838  0.0419847
839  0.0449298
840  0.11611
841  -0.00796128
842  -0.0833883
843  -0.0480103
844  0.0732803
845  0.0590302
846  -0.0371146
847  -0.169642
848  -0.075007
849  -0.136826
850  -0.15099
851  -0.124249
852  -0.144724
853  -0.0801901
854  -0.125827
855  -0.127169
856  -0.191648
857  -0.234203
858  -0.189963
859  -0.191597
860  -0.263915
861  -0.251491
862  -0.0916172
863  -0.143598
864  -0.31159
865  -0.358335
866  -0.186879
867  -0.0692178
868  -0.0639089
869  0.0586049
870  0.110085
871  0.0569721
872  0.299602
873  0.313675
874  0.149361
875  0.062413
876  -0.0492929
877  0.0831286
878  0.126749
879  0.206001
880  0.214661
881  0.163764
882  0.218434
883  0.0540777
884  0.0512674
885  0.169473
886  0.0465008
887  -0.147289
888  -0.276484
889  -0.168632
890  -0.108552
891  -0.0750323
892  -0.0823778
893  -0.24435
894  -0.3612
895  -0.173395
896  0.0387684
897  0.0207975
898  -0.00506201
899  0.0379268
900  -0.0310192
901  -0.0510419
902  0.0286153
903  -0.0625482
904  0.0194028
905  -0.0303747
906  -0.0893075
907  0.0167122
908  -0.0827905
909  -0.150932
910  -0.2047
911  -0.265714
912  -0.151105
913  -0.0336139
914  0.152249
915  0.105916
916  0.0469437
917  0.284045
918  0.123729
919  0.153962
920  0.140142
921  0.134699
922  0.180574
923  -0.143079
924  0.188161
925  0.373328
926  0.308294
927  0.299821
928  0.189157
929  0.290757
930  0.210646
931  0.208246
932  0.255621
933  0.00196613
934  0.0141267
935  -0.127335
936  -0.199613
937  -0.0717662
938  -0.0892365
939  0.00644489
940  -0.228583
941  -0.0726309
942  -0.0520362
943  -0.19852
944  -0.0508979
945  -0.305899
946  -0.266821
947  -0.23213
948  -0.187165
949  0.141578
950  -0.0560011
951  0.0424683
952  0.0978733
953  -0.100475
954  0.123752
955  -0.178609
956  -0.334448
957  -0.260664
958  -0.123395
959  0.0300609
960  -0.155323
961  0.0926404
962  -0.0828356
963  0.0037048
964  0.289797
965  -0.020503
966  0.154852
967  0.106922
968  0.0944182
969  0.168948
970  -0.113192
971  -0.103886
972  -0.24186
973  -0.173045
974  -0.183885
975  -0.337026
976  -0.170192
977  -0.330769
978  -0.300172
979  -0.338638
980  -0.235479
981  0.194513
982  0.166183
983  0.374717
984  0.468453
985  0.324904
986  0.590411
987  0.315398
988  -0.275833
989  -0.216812
990  -0.118249
991  -0.101945
992  -0.0798512
993  -0.155631
994  -0.0757694
995  -0.041282
996  0.0471906
997  0.119211
998  0.0802449
999  0
