0.01 39.7795
0.10999 34.8408
0.20998 35.7156
0.30997 35.4671
0.40996 42.6165
0.50995 33.711
0.60994 31.3041
0.70993 31.1206
0.80992 21.1563
0.90991 25.9431
1.0099 25.9518
1.10989 21.0095
1.20988 30.9545
1.30987 25.8307
1.40986 24.0997
1.50985 21.2684
1.60984 22.4244
1.70983 16.7545
1.80982 12.3521
1.90981 15.3096
2.0098 19.8837
2.10979 23.6714
2.20978 16.0252
2.30977 13.5935
2.40976 19.0605
2.50975 18.0737
2.60974 15.7694
2.70973 12.9603
2.80972 14.1533
2.90971 14.0346
3.0097 12.6514
3.10969 12.2264
3.20968 14.494
3.30967 16.1401
3.40966 13.6921
3.50965 12.6528
3.60964 13.3572
3.70963 12.2422
3.80962 10.8613
3.90961 11.6303
4.0096 10.6923
4.10959 10.6709
4.20958 10.2234
4.30957 9.41373
4.40956 8.51048
4.50955 8.94237
4.60954 9.44405
4.70953 11.1352
4.80952 7.41138
4.90951 8.52374
5.0095 8.34568
5.10949 8.64741
5.20948 8.08494
5.30947 7.39296
5.40946 6.40938
5.50945 8.80659
5.60944 8.03986
5.70943 8.12251
5.80942 7.93914
5.90941 8.43832
6.0094 8.69954
6.10939 7.81587
6.20938 7.81348
6.30937 8.57851
6.40936 8.7023
6.50935 8.07234
6.60934 6.94334
6.70933 6.31167
6.80932 7.82879
6.90931 8.59447
7.0093 6.55073
7.10929 7.73729
7.20928 7.2647
7.30927 7.3412
7.40926 8.28401
7.50925 7.55921
7.60924 7.51415
7.70923 6.99314
7.80922 7.52361
7.90921 7.66208
8.0092 6.79742
8.10919 7.42362
8.20918 7.60966
8.30917 7.26421
8.40916 7.86143
8.50915 7.18732
8.60914 6.98938
8.70913 6.66109
8.80912 7.16972
8.90911 6.98964
9.0091 7.04749
9.10909 6.38973
9.20908 6.78157
9.30907 6.44491
9.40906 7.10494
9.50905 7.34698
9.60904 7.10657
9.70903 7.29532
9.80902 6.80492
9.90901 6.69959
10.009 7.18232
10.109 6.88
10.209 6.62539
10.309 6.57347
10.409 6.51461
10.509 6.37917
10.6089 6.36355
10.7089 7.06552
10.8089 6.73631
10.9089 6.89368
11.0089 6.5387
11.1089 6.8689
11.2089 6.43716
11.3089 6.4479
11.4089 6.5709
11.5089 6.31301
11.6088 6.42553
11.7088 6.40021
11.8088 6.86131
11.9088 7.18015
12.0088 6.66286
12.1088 6.23031
12.2088 6.38535
12.3088 6.89362
12.4088 6.88476
12.5088 6.69753
12.6087 6.87931
12.7087 6.33185
12.8087 6.63354
12.9087 6.53195
13.0087 6.51327
13.1087 6.64785
13.2087 6.55836
13.3087 6.62795
13.4087 6.81178
13.5087 6.43716
13.6086 7.14257
13.7086 6.79471
13.8086 7.02399
13.9086 6.47828
14.0086 6.72027
14.1086 6.25049
14.2086 6.68387
14.3086 6.53447
14.4086 6.3782
14.5086 6.42169
14.6085 6.63332
14.7085 6.68874
14.8085 6.81516
14.9085 6.64603
15.0085 6.43191
15.1085 6.50961
15.2085 6.25182
15.3085 6.278
15.4085 6.41871
15.5085 6.55311
15.6084 6.42168
15.7084 6.31167
15.8084 6.29684
15.9084 6.23165
16.0084 6.23165
16.1084 6.41246
16.2084 6.57034
16.3084 7.51116
16.4084 6.35936
16.5083 6.31167
16.6083 6.58103
16.7083 6.67285
16.8083 6.23165
16.9083 6.36521
17.0083 6.88724
17.1083 6.96292
17.2083 6.23165
17.3083 6.23031
17.4083 6.48325
17.5082 7.08486
17.6082 6.278
17.7082 6.31885
17.8082 6.25049
17.9082 6.66416
18.0082 6.40155
18.1082 6.3782
18.2082 6.31301
18.3082 6.25049
18.4082 6.41246
18.5081 6.47828
18.6081 6.23031
18.7081 6.50542
18.8081 6.44625
18.9081 6.23165
19.0081 6.23031
19.1081 6.47152
19.2081 6.42301
19.3081 6.23165
19.4081 6.51685
19.508 6.50652
19.608 6.42839
19.708 6.44657
19.808 6.25182
19.908 6.33318
20.008 6.278
20.108 6.25049
20.208 6.33185
20.308 6.42516
20.408 6.47152
20.5079 6.48523
20.6079 6.40021
20.7079 6.23031
20.8079 6.25182
20.9079 6.35936
21.0079 6.23031
21.1079 6.23031
21.2079 6.23031
21.3079 6.42473
21.4079 6.3782
21.5078 6.47795
21.6078 6.23165
21.7078 6.40938
21.8078 6.25049
21.9078 6.278
22.0078 6.35936
22.1078 6.31167
22.2078 6.29684
22.3078 6.75048
22.4078 6.23165
22.5077 6.456
22.6077 6.48523
22.7077 6.39706
22.8077 6.23165
22.9077 6.23165
23.0077 6.31167
23.1077 6.40155
23.2077 6.23031
23.3077 6.27667
23.4077 6.44857
23.5076 6.23165
23.6076 6.23031
23.7076 6.31167
23.8076 6.29684
23.9076 6.60581
24.0076 6.39107
24.1076 6.23165
24.2076 6.49979
24.3076 6.39839
24.4076 6.29818
24.5075 6.23031
24.6075 6.23031
24.7075 6.64419
24.8075 6.42686
24.9075 6.23165
25.0075 6.23165
25.1075 6.278
25.2075 6.23031
25.3075 6.25049
25.4075 6.34337
25.5074 6.25049
25.6074 6.35803
25.7074 6.36654
25.8074 6.278
25.9074 6.29684
26.0074 6.278
26.1074 6.23165
26.2074 6.23165
26.3074 6.25182
26.4074 6.25049
26.5073 6.25182
26.6073 6.23031
26.7073 6.23031
26.8073 6.34033
26.9073 6.339
27.0073 6.25049
27.1073 6.23165
27.2073 6.34471
27.3073 6.23031
27.4073 6.31167
27.5072 6.36489
27.6072 6.33185
27.7072 6.29684
27.8072 6.25049
27.9072 6.23165
28.0072 6.23031
28.1072 6.29818
28.2072 6.23031
28.3072 6.31167
28.4072 6.29684
28.5071 6.54614
28.6071 6.41723
28.7071 6.23165
28.8071 6.25182
28.9071 6.31885
29.0071 6.25182
29.1071 6.23031
29.2071 6.23165
29.3071 6.33185
29.4071 6.23031
29.507 6.23031
29.607 6.23031
29.707 6.34337
29.807 6.25182
29.907 6.23031
30.007 6.23165
30.107 6.23165
30.207 6.23165
30.307 6.23031
30.407 6.278
30.5069 6.25049
30.6069 6.25049
30.7069 6.278
30.8069 6.339
30.9069 6.23031
31.0069 6.23031
31.1069 6.23031
31.2069 6.23165
31.3069 6.23165
31.4069 6.32019
31.5068 6.23031
31.6068 6.23031
31.7068 6.25049
31.8068 6.3782
31.9068 6.23031
32.0068 6.25049
32.1068 6.31167
32.2068 6.23031
32.3068 6.34033
32.4068 6.23031
32.5067 6.23031
32.6067 6.23031
32.7067 6.25049
32.8067 6.23165
32.9067 6.29818
33.0067 6.23031
33.1067 6.25049
33.2067 6.23165
33.3067 6.25182
33.4067 6.25182
33.5066 6.31167
33.6066 6.25049
33.7066 6.29818
33.8066 6.31167
33.9066 6.23031
34.0066 6.25182
34.1066 6.23165
34.2066 6.23031
34.3066 6.23165
34.4066 6.23031
34.5065 6.42301
34.6065 6.23031
34.7065 6.23165
34.8065 6.23031
34.9065 6.25182
35.0065 6.29818
35.1065 6.25049
35.2065 6.23031
35.3065 6.23165
35.4065 6.27667
35.5064 6.23031
35.6064 6.25049
35.7064 6.25182
35.8064 6.25049
35.9064 6.25182
36.0064 6.23031
36.1064 6.23031
36.2064 6.23031
36.3064 6.23031
36.4064 6.23165
36.5063 6.31301
36.6063 6.35936
36.7063 6.31885
36.8063 6.23031
36.9063 6.23031
37.0063 6.23165
37.1063 6.63891
37.2063 6.27667
37.3063 6.23031
37.4063 6.23165
37.5062 6.23165
37.6062 6.23031
37.7062 6.25182
37.8062 6.23031
37.9062 6.25049
38.0062 6.25182
38.1062 6.25049
38.2062 6.23031
38.3062 6.23165
38.4062 6.23031
38.5061 6.23031
38.6061 6.25049
38.7061 6.23165
38.8061 6.278
38.9061 6.23031
39.0061 6.23031
39.1061 6.23031
39.2061 6.23165
39.3061 6.25182
39.4061 6.23165
39.506 6.25182
39.606 6.23031
39.706 6.29684
39.806 6.23031
39.906 6.23165
40.006 6.23031
40.106 6.25049
40.206 6.25182
40.306 6.23165
40.406 6.25049
40.5059 6.25182
40.6059 6.25182
40.7059 6.23031
40.8059 6.23031
40.9059 6.25182
41.0059 6.23031
41.1059 6.23165
41.2059 6.23165
41.3059 6.23165
41.4059 6.25049
41.5058 6.23031
41.6058 6.23165
41.7058 6.23165
41.8058 6.25182
41.9058 6.23031
42.0058 6.25049
42.1058 6.29818
42.2058 6.25182
42.3058 6.278
42.4058 6.23165
42.5057 6.25182
42.6057 6.23031
42.7057 6.23031
42.8057 6.23031
42.9057 6.23165
43.0057 6.23165
43.1057 6.23031
43.2057 6.23031
43.3057 6.23031
43.4057 6.23031
43.5056 6.23031
43.6056 6.23031
43.7056 6.25049
43.8056 6.31885
43.9056 6.32019
44.0056 6.23031
44.1056 6.25049
44.2056 6.23165
44.3056 6.25049
44.4056 6.25182
44.5055 6.23165
44.6055 6.25182
44.7055 6.25182
44.8055 6.23165
44.9055 6.25182
45.0055 6.33318
45.1055 6.25049
45.2055 6.278
45.3055 6.25182
45.4055 6.25182
45.5054 6.25182
45.6054 6.23165
45.7054 6.25182
45.8054 6.23165
45.9054 6.23165
46.0054 6.25049
46.1054 6.23165
46.2054 6.23165
46.3054 6.23165
46.4054 6.23031
46.5053 6.23165
46.6053 6.23031
46.7053 6.23031
46.8053 6.23031
46.9053 6.25182
47.0053 6.23031
47.1053 6.25049
47.2053 6.36654
47.3053 6.27667
47.4053 6.29684
47.5052 6.23165
47.6052 6.23165
47.7052 6.23031
47.8052 6.23031
47.9052 6.23165
48.0052 6.23165
48.1052 6.23165
48.2052 6.23165
48.3052 6.23165
48.4052 6.35803
48.5051 6.23031
48.6051 6.23165
48.7051 6.25049
48.8051 6.23031
48.9051 6.23031
49.0051 6.23165
49.1051 6.23031
49.2051 6.25182
49.3051 6.25182
49.4051 6.278
49.505 6.278
49.605 6.23165
49.705 6.23165
49.805 6.25049
49.905 6.23031
50.005 6.23165
50.105 6.23165
50.205 6.23165
50.305 6.23165
50.405 6.25182
50.5049 6.25182
50.6049 6.23165
50.7049 6.23165
50.8049 6.23031
50.9049 6.23165
51.0049 6.23165
51.1049 6.23031
51.2049 6.23031
51.3049 6.27667
51.4049 6.23031
51.5048 6.23165
51.6048 6.23031
51.7048 6.23031
51.8048 6.36622
51.9048 6.23031
52.0048 6.25182
52.1048 6.23031
52.2048 6.23031
52.3048 6.23031
52.4048 6.23165
52.5047 6.25182
52.6047 6.32019
52.7047 6.23165
52.8047 6.27667
52.9047 6.23031
53.0047 6.23031
53.1047 6.25049
53.2047 6.23165
53.3047 6.23165
53.4047 6.23031
53.5046 6.23165
53.6046 6.23031
53.7046 6.32019
53.8046 6.23165
53.9046 6.23031
54.0046 6.23031
54.1046 6.23031
54.2046 6.23165
54.3046 6.23031
54.4046 6.25049
54.5045 6.25049
54.6045 6.23165
54.7045 6.25049
54.8045 6.25049
54.9045 6.23165
55.0045 6.23031
55.1045 6.23031
55.2045 6.25049
55.3045 6.23031
55.4045 6.23165
55.5044 6.25049
55.6044 6.23031
55.7044 6.23031
55.8044 6.23031
55.9044 6.25182
56.0044 6.23165
56.1044 6.23031
56.2044 6.23165
56.3044 6.23165
56.4044 6.23165
56.5043 6.23165
56.6043 6.23031
56.7043 6.23031
56.8043 6.23031
56.9043 6.23165
57.0043 6.23031
57.1043 6.23165
57.2043 6.23165
57.3043 6.23031
57.4043 6.23165
57.5042 6.23165
57.6042 6.23031
57.7042 6.27667
57.8042 6.23165
57.9042 6.23165
58.0042 6.27667
58.1042 6.278
58.2042 6.23165
58.3042 6.25049
58.4042 6.25182
58.5041 6.23031
58.6041 6.23165
58.7041 6.278
58.8041 6.23165
58.9041 6.278
59.0041 6.23031
59.1041 6.23165
59.2041 6.23165
59.3041 6.23031
59.4041 6.23165
59.504 6.23165
59.604 6.23031
59.704 6.23165
59.804 6.23031
59.904 6.25049
60.004 6.23165
60.104 6.23031
60.204 6.23165
60.304 6.23165
60.404 6.25049
60.5039 6.27667
60.6039 6.23031
60.7039 6.23165
60.8039 6.23031
60.9039 6.23031
61.0039 6.23031
61.1039 6.23165
61.2039 6.23031
61.3039 6.23031
61.4039 6.23031
61.5038 6.23031
61.6038 6.23031
61.7038 6.23031
61.8038 6.23165
61.9038 6.25182
62.0038 6.23031
62.1038 6.23165
62.2038 6.23031
62.3038 6.23165
62.4038 6.23031
62.5037 6.25049
62.6037 6.25182
62.7037 6.23165
62.8037 6.23165
62.9037 6.23031
63.0037 6.23031
63.1037 6.23031
63.2037 6.23165
63.3037 6.23165
63.4037 6.25049
63.5036 6.25049
63.6036 6.23031
63.7036 6.25182
63.8036 6.23165
63.9036 6.23165
64.0036 6.23031
64.1036 6.25049
64.2036 6.23031
64.3036 6.23031
64.4036 6.23165
64.5035 6.25049
64.6035 6.23165
64.7035 6.23165
64.8035 6.23165
64.9035 6.23031
65.0035 6.23031
65.1035 6.25182
65.2035 6.23165
65.3035 6.23031
65.4035 6.23031
65.5034 6.23031
65.6034 6.23031
65.7034 6.23165
65.8034 6.23031
65.9034 6.23165
66.0034 6.23031
66.1034 6.25049
66.2034 6.23031
66.3034 6.23031
66.4034 6.27667
66.5033 6.27667
66.6033 6.278
66.7033 6.23031
66.8033 6.23031
66.9033 6.23031
67.0033 6.25049
67.1033 6.23031
67.2033 6.23031
67.3033 6.23031
67.4033 6.23031
67.5032 6.23165
67.6032 6.278
67.7032 6.23031
67.8032 6.25182
67.9032 6.25049
68.0032 6.23031
68.1032 6.23165
68.2032 6.25182
68.3032 6.23031
68.4032 6.25182
68.5031 6.23165
68.6031 6.23165
68.7031 6.23031
68.8031 6.23165
68.9031 6.23031
69.0031 6.25182
69.1031 6.23031
69.2031 6.23165
69.3031 6.23031
69.4031 6.23031
69.503 6.23031
69.603 6.23031
69.703 6.23165
69.803 6.25049
69.903 6.23165
70.003 6.25049
70.103 6.23165
70.203 6.25049
70.303 6.23031
70.403 6.25182
70.5029 6.23031
70.6029 6.23031
70.7029 6.23031
70.8029 6.25049
70.9029 6.25182
71.0029 6.23165
71.1029 6.23165
71.2029 6.23165
71.3029 6.23165
71.4029 6.23031
71.5028 6.23031
71.6028 6.23165
71.7028 6.23165
71.8028 6.25049
71.9028 6.23031
72.0028 6.23031
72.1028 6.23031
72.2028 6.23031
72.3028 6.25182
72.4028 6.23165
72.5027 6.23031
72.6027 6.23031
72.7027 6.23165
72.8027 6.23031
72.9027 6.23031
73.0027 6.23031
73.1027 6.23031
73.2027 6.23165
73.3027 6.23031
73.4027 6.23031
73.5026 6.25182
73.6026 6.23031
73.7026 6.23031
73.8026 6.23165
73.9026 6.23031
74.0026 6.23165
74.1026 6.23165
74.2026 6.23165
74.3026 6.23165
74.4026 6.23165
74.5025 6.23031
74.6025 6.23165
74.7025 6.23031
74.8025 6.23031
74.9025 6.23165
75.0025 6.23031
75.1025 6.25049
75.2025 6.23031
75.3025 6.23031
75.4025 6.23031
75.5024 6.278
75.6024 6.23031
75.7024 6.27667
75.8024 6.23165
75.9024 6.23165
76.0024 6.23031
76.1024 6.23031
76.2024 6.23165
76.3024 6.23031
76.4024 6.23031
76.5023 6.23165
76.6023 6.23031
76.7023 6.23031
76.8023 6.23031
76.9023 6.23031
77.0023 6.23031
77.1023 6.23165
77.2023 6.23165
77.3023 6.23031
77.4023 6.23165
77.5022 6.23031
77.6022 6.23165
77.7022 6.23031
77.8022 6.23165
77.9022 6.23031
78.0022 6.23031
78.1022 6.23165
78.2022 6.25182
78.3022 6.25049
78.4022 6.25049
78.5021 6.23031
78.6021 6.23165
78.7021 6.23031
78.8021 6.23031
78.9021 6.23031
79.0021 6.23165
79.1021 6.27667
79.2021 6.23031
79.3021 6.23031
79.4021 6.23165
79.502 6.23165
79.602 6.25049
79.702 6.23165
79.802 6.23165
79.902 6.23165
80.002 6.23031
80.102 6.25049
80.202 6.23165
80.302 6.23165
80.402 6.23165
80.502 6.23031
80.6019 6.278
80.7019 6.23031
80.8019 6.23165
80.9019 6.23165
81.0019 6.23031
81.1019 6.23165
81.2019 6.25049
81.3019 6.23031
81.4019 6.23165
81.5019 6.23165
81.6018 6.23031
81.7018 6.25049
81.8018 6.23165
81.9018 6.23165
82.0018 6.23165
82.1018 6.25182
82.2018 6.23165
82.3018 6.23165
82.4018 6.25182
82.5018 6.23165
82.6017 6.23031
82.7017 6.23165
82.8017 6.23165
82.9017 6.23165
83.0017 6.23165
83.1017 6.23031
83.2017 6.23165
83.3017 6.25182
83.4017 6.23031
83.5017 6.23031
83.6016 6.23031
83.7016 6.23031
83.8016 6.23031
83.9016 6.23031
84.0016 6.23165
84.1016 6.23031
84.2016 6.23031
84.3016 6.23031
84.4016 6.23031
84.5016 6.23165
84.6015 6.23031
84.7015 6.23031
84.8015 6.23165
84.9015 6.25182
85.0015 6.23165
85.1015 6.23165
85.2015 6.23165
85.3015 6.23165
85.4015 6.23031
85.5015 6.25182
85.6014 6.23031
85.7014 6.23031
85.8014 6.23165
85.9014 6.25049
86.0014 6.25049
86.1014 6.23031
86.2014 6.23165
86.3014 6.23031
86.4014 6.23031
86.5014 6.23165
86.6013 6.23165
86.7013 6.23165
86.8013 6.23031
86.9013 6.25182
87.0013 6.25049
87.1013 6.23165
87.2013 6.25049
87.3013 6.25049
87.4013 6.23165
87.5013 6.23031
87.6012 6.23031
87.7012 6.23031
87.8012 6.23165
87.9012 6.23031
88.0012 6.23165
88.1012 6.23031
88.2012 6.23031
88.3012 6.25182
88.4012 6.25049
88.5012 6.25049
88.6011 6.23031
88.7011 6.23165
88.8011 6.23031
88.9011 6.23031
89.0011 6.23031
89.1011 6.23165
89.2011 6.23165
89.3011 6.23031
89.4011 6.23165
89.5011 6.23031
89.601 6.23165
89.701 6.23165
89.801 6.23165
89.901 6.23165
90.001 6.23165
90.101 6.23031
90.201 6.23031
90.301 6.23031
90.401 6.23031
90.501 6.23031
90.6009 6.25182
90.7009 6.23031
90.8009 6.25182
90.9009 6.23165
91.0009 6.23031
91.1009 6.23031
91.2009 6.23031
91.3009 6.23165
91.4009 6.23165
91.5009 6.23165
91.6008 6.23165
91.7008 6.23165
91.8008 6.23165
91.9008 6.23031
92.0008 6.23165
92.1008 6.23031
92.2008 6.23165
92.3008 6.23031
92.4008 6.23031
92.5008 6.23031
92.6007 6.23165
92.7007 6.23031
92.8007 6.23031
92.9007 6.25182
93.0007 6.23031
93.1007 6.23031
93.2007 6.23165
93.3007 6.23031
93.4007 6.27667
93.5007 6.23165
93.6006 6.23165
93.7006 6.23165
93.8006 6.23031
93.9006 6.23165
94.0006 6.23165
94.1006 6.23165
94.2006 6.23165
94.3006 6.23031
94.4006 6.23165
94.5006 6.23165
94.6005 6.23031
94.7005 6.23031
94.8005 6.25182
94.9005 6.23031
95.0005 6.23031
95.1005 6.23031
95.2005 6.23165
95.3005 6.23031
95.4005 6.23165
95.5005 6.23165
95.6004 6.23165
95.7004 6.23031
95.8004 6.23165
95.9004 6.23031
96.0004 6.23165
96.1004 6.23031
96.2004 6.23031
96.3004 6.23165
96.4004 6.23031
96.5004 6.23031
96.6003 6.23031
96.7003 6.25049
96.8003 6.23031
96.9003 6.23031
97.0003 6.23165
97.1003 6.23031
97.2003 6.23031
97.3003 6.27667
97.4003 6.23165
97.5003 6.23165
97.6002 6.23165
97.7002 6.23031
97.8002 6.23031
97.9002 6.23031
98.0002 6.23165
98.1002 6.27667
98.2002 6.23031
98.3002 6.25182
98.4002 6.23165
98.5002 6.23031
98.6001 6.23031
98.7001 6.25049
98.8001 6.25049
98.9001 6.23031
99.0001 6.23165
99.1001 6.23031
99.2001 6.23031
99.3001 6.23031
99.4001 6.23031
99.5001 6.23165
99.6 6.23165
99.7 6.23031
99.8 6.23031
99.9 6.23031
