1 0
1 0
1 0
1 0
1 0
1 0
1 0
1 0
1 0
1 0
1 0
1 0
1 0
1 0
1 0
1 0
1 0
1 0
1 0
1 0
1 0
1 0
1 0
1 0
1 0
1 0
1 0
1 0
1 0
1 0
1 0
1 0
1 0
1 0
1 0
1 0
1 0
1 0
1 0
1 0.0041276
1 0.0429896
1 0.281022
1 0.983647
1 2.22492
1 3.60238
1 4.63791
1 4.92966
1 4.55263
1 3.65295
1 2.72738
1 1.79487
1 1.1348
1 0.645493
1 0.346929
1 0.172725
1 0.0779628
1 0.0417513
1 0.0341049
1 0.0502686
1 0.0959221
1 0.179143
1 0.297955
1 0.443532
1 0.621905
1 0.802811
1 0.929974
1 1.00169
1 0.954407
1 0.823339
1 0.643591
1 0.459253
1 0.311316
1 0.206531
1 0.177146
1 0.238721
1 0.419896
1 0.739678
1 1.18926
1 1.73302
1 2.23574
1 2.60693
1 2.74007
1 2.58397
1 2.19709
1 1.71954
1 1.19386
1 0.779884
1 0.524318
1 0.416426
1 0.445451
1 0.576471
1 0.752106
1 0.928307
1 1.02336
1 1.03596
1 0.922318
1 0.777607
1 0.646163
1 0.55639
1 0.549232
2 0
2 0
2 0
2 0
2 0
2 0
2 0
2 0
2 0
2 0
2 0
2 0
2 0
2 0
2 0
2 0
2 0
2 0
2 0
2 0
2 0
2 0
2 0
2 0
2 0
2 0
2 0
2 0
2 0
2 0
2 0
2 0
2 0
2 0
2 0
2 0
2 0
2 0
2 0
2 0.00265845
2 0.0453187
2 0.303649
2 1.02287
2 2.24661
2 3.66836
2 4.61418
2 4.84101
2 4.4298
2 3.62803
2 2.67739
2 1.83245
2 1.1585
2 0.678325
2 0.370688
2 0.183089
2 0.0919607
2 0.0506076
2 0.0492259
2 0.0660891
2 0.11103
2 0.190625
2 0.311
2 0.455213
2 0.633248
2 0.796881
2 0.90794
2 0.962099
2 0.897268
2 0.790584
2 0.624721
2 0.468104
2 0.325002
2 0.232718
2 0.208264
2 0.275794
2 0.451838
2 0.766145
2 1.21661
2 1.72694
2 2.23206
2 2.57631
2 2.65906
2 2.51924
2 2.17046
2 1.67198
2 1.21431
2 0.816182
2 0.560118
2 0.458293
2 0.479806
2 0.59385
2 0.756956
2 0.914834
2 0.995511
2 1.01143
2 0.918369
2 0.779482
2 0.669599
2 0.589231
2 0.598275
3 0
3 0
3 0
3 0
3 0
3 0
3 0
3 0
3 0
3 0
3 0
3 0
3 0
3 0
3 0
3 0
3 0
3 0
3 0
3 0
3 0
3 0
3 0
3 0
3 0
3 0
3 0
3 0
3 0
3 0
3 0
3 0
3 0
3 0
3 0
3 0
3 0
3 0
3 0
3 0.00307821
3 0.0471155
3 0.306691
3 1.02788
3 2.27003
3 3.60089
3 4.64076
3 4.85762
3 4.4716
3 3.6245
3 2.72016
3 1.79362
3 1.12043
3 0.676859
3 0.348798
3 0.188601
3 0.0953627
3 0.0526251
3 0.0478392
3 0.06644
3 0.108039
3 0.1914
3 0.295011
3 0.446271
3 0.629376
3 0.789246
3 0.912622
3 0.972416
3 0.931575
3 0.804612
3 0.633625
3 0.481281
3 0.31817
3 0.221379
3 0.192442
3 0.26183
3 0.450803
3 0.752156
3 1.20324
3 1.72242
3 2.23888
3 2.5882
3 2.7011
3 2.54194
3 2.16811
3 1.68184
3 1.19515
3 0.806349
3 0.546545
3 0.448188
3 0.473456
3 0.587759
3 0.761389
3 0.924556
3 1.01864
3 1.01438
3 0.90853
3 0.771523
3 0.6552
3 0.575224
3 0.576895
4 0
4 0
4 0
4 0
4 0
4 0
4 0
4 0
4 0
4 0
4 0
4 0
4 0
4 0
4 0
4 0
4 0
4 0
4 0
4 0
4 0
4 0
4 0
4 0
4 0
4 0
4 0
4 0
4 0
4 0
4 0
4 0
4 0
4 0
4 0
4 0
4 0
4 0
4 7.36405e-05
4 0.00265845
4 0.0453853
4 0.282163
4 0.98691
4 2.23294
4 3.56964
4 4.6406
4 4.94808
4 4.50488
4 3.68882
4 2.71085
4 1.81528
4 1.14295
4 0.641335
4 0.34445
4 0.166037
4 0.0814712
4 0.0422984
4 0.0394864
4 0.0621659
4 0.113312
4 0.177383
4 0.296887
4 0.452586
4 0.63701
4 0.796619
4 0.914428
4 0.975847
4 0.936631
4 0.806473
4 0.638936
4 0.461976
4 0.317508
4 0.21951
4 0.190725
4 0.245113
4 0.427115
4 0.735406
4 1.18135
4 1.71305
4 2.23828
4 2.6246
4 2.73709
4 2.58009
4 2.21392
4 1.69428
4 1.18886
4 0.785165
4 0.535111
4 0.422098
4 0.456408
4 0.573232
4 0.751832
4 0.918738
4 1.02324
4 1.03329
4 0.925777
4 0.789622
4 0.647506
4 0.569204
4 0.566509
5 0
5 0
5 0
5 0
5 0
5 0
5 0
5 0
5 0
5 0
5 0
5 0
5 0
5 0
5 0
5 0
5 0
5 0
5 0
5 0
5 0
5 0
5 0
5 0
5 0
5 0
5 0
5 0
5 0
5 0
5 0
5 0
5 0
5 0
5 0
5 0
5 0
5 0
5 0.000294562
5 0.00447739
5 0.0478475
5 0.287677
5 1.00752
5 2.20987
5 3.6112
5 4.59468
5 4.9234
5 4.52961
5 3.69564
5 2.72301
5 1.81571
5 1.1141
5 0.63183
5 0.341437
5 0.172982
5 0.0900116
5 0.0472224
5 0.0413022
5 0.058753
5 0.102243
5 0.174729
5 0.287017
5 0.440346
5 0.626859
5 0.805986
5 0.943154
5 0.989177
5 0.937709
5 0.820711
5 0.649851
5 0.457057
5 0.307109
5 0.210643
5 0.183491
5 0.249243
5 0.420241
5 0.732496
5 1.19613
5 1.72623
5 2.22745
5 2.61845
5 2.74023
5 2.58808
5 2.19061
5 1.68459
5 1.20603
5 0.791293
5 0.527782
5 0.417178
5 0.450085
5 0.577044
5 0.751089
5 0.919963
5 1.03151
5 1.04342
5 0.93327
5 0.775356
5 0.641133
5 0.551192
5 0.553873
6 0
6 0
6 0
6 0
6 0
6 0
6 0
6 0
6 0
6 0
6 0
6 0
6 0
6 0
6 0
6 0
6 0
6 0
6 0
6 0
6 0
6 0
6 0
6 0
6 0
6 0
6 0
6 0
6 0
6 0
6 0
6 0
6 0
6 0
6 0
6 0
6 0
6 0
6 0.000147281
6 0.00447739
6 0.0489788
6 0.299593
6 0.9967
6 2.25198
6 3.59952
6 4.60021
6 4.90023
6 4.49148
6 3.71295
6 2.67628
6 1.82906
6 1.12443
6 0.665453
6 0.339912
6 0.169895
6 0.085263
6 0.0459914
6 0.0388591
6 0.0572858
6 0.104956
6 0.188239
6 0.304651
6 0.447752
6 0.627509
6 0.796435
6 0.919797
6 0.989399
6 0.937469
6 0.807218
6 0.633716
6 0.462525
6 0.317785
6 0.217392
6 0.194342
6 0.247532
6 0.42903
6 0.749862
6 1.19595
6 1.72575
6 2.23299
6 2.61372
6 2.70937
6 2.56013
6 2.18746
6 1.6926
6 1.19682
6 0.8047
6 0.541669
6 0.432593
6 0.452497
6 0.579789
6 0.761037
6 0.918828
6 1.01849
6 1.01927
6 0.920427
6 0.784487
6 0.656704
6 0.568169
6 0.568284
7 0
7 0
7 0
7 0
7 0
7 0
7 0
7 0
7 0
7 0
7 0
7 0
7 0
7 0
7 0
7 0
7 0
7 0
7 0
7 0
7 0
7 0
7 0
7 0
7 0
7 0
7 0
7 0
7 0
7 0
7 0
7 0
7 0
7 0
7 0
7 0
7 0
7 0
7 0.000220922
7 0.00356792
7 0.0471155
7 0.291543
7 0.993739
7 2.24055
7 3.61804
7 4.63269
7 4.91088
7 4.49298
7 3.66213
7 2.69722
7 1.82264
7 1.1306
7 0.672503
7 0.345937
7 0.170153
7 0.0772895
7 0.0392551
7 0.0360858
7 0.0582107
7 0.0948429
7 0.18123
7 0.30618
7 0.452698
7 0.635792
7 0.808715
7 0.919364
7 0.974169
7 0.936726
7 0.820385
7 0.632111
7 0.467972
7 0.309479
7 0.215191
7 0.180056
7 0.242576
7 0.430658
7 0.749638
7 1.18951
7 1.74205
7 2.25358
7 2.60889
7 2.72319
7 2.55361
7 2.18716
7 1.6843
7 1.20324
7 0.800309
7 0.532715
7 0.426405
7 0.459433
7 0.578883
7 0.758821
7 0.921813
7 1.01467
7 1.03262
7 0.919518
7 0.773375
7 0.643912
7 0.569711
7 0.571978
8 0
8 0
8 0
8 0
8 0
8 0
8 0
8 0
8 0
8 0
8 0
8 0
8 0
8 0
8 0
8 0
8 0
8 0
8 0
8 0
8 0
8 0
8 0
8 0
8 0
8 0
8 0
8 0
8 0
8 0
8 0
8 0
8 0
8 0
8 0
8 0
8 0
8 0
8 0.000294562
8 0.00251853
8 0.0419914
8 0.282417
8 0.974521
8 2.21638
8 3.61015
8 4.64028
8 4.95924
8 4.50251
8 3.70849
8 2.71303
8 1.82936
8 1.09578
8 0.633375
8 0.331941
8 0.169454
8 0.0885587
8 0.0463675
8 0.0406749
8 0.0532668
8 0.0937946
8 0.177383
8 0.297032
8 0.456247
8 0.627942
8 0.803729
8 0.937149
8 0.996162
8 0.941183
8 0.81208
8 0.63288
8 0.463755
8 0.309373
8 0.212885
8 0.178662
8 0.237797
8 0.416411
8 0.740554
8 1.19159
8 1.72809
8 2.23921
8 2.629
8 2.74909
8 2.59276
8 2.18596
8 1.68795
8 1.19098
8 0.792635
8 0.519342
8 0.408941
8 0.447605
8 0.581149
8 0.761285
8 0.919045
8 1.02945
8 1.03511
8 0.931858
8 0.779459
8 0.64552
8 0.558606
8 0.55577
9 0
9 0
9 0
9 0
9 0
9 0
9 0
9 0
9 0
9 0
9 0
9 0
9 0
9 0
9 0
9 0
9 0
9 0
9 0
9 0
9 0
9 0
9 0
9 0
9 0
9 0
9 0
9 0
9 0
9 0
9 0
9 0
9 0
9 0
9 0
9 0
9 0
9 0
9 0
9 0.00433747
9 0.0431227
9 0.281339
9 0.999359
9 2.21811
9 3.6558
9 4.60501
9 4.90598
9 4.51127
9 3.65253
9 2.72207
9 1.83099
9 1.12208
9 0.644583
9 0.338615
9 0.171843
9 0.0863261
9 0.048214
9 0.0445707
9 0.0633142
9 0.10881
9 0.182901
9 0.303237
9 0.443895
9 0.625586
9 0.798534
9 0.927048
9 0.976292
9 0.927359
9 0.809614
9 0.637671
9 0.469465
9 0.323913
9 0.215191
9 0.186279
9 0.244149
9 0.427881
9 0.737812
9 1.19318
9 1.72823
9 2.25598
9 2.58331
9 2.72636
9 2.57648
9 2.20006
9 1.70107
9 1.19367
9 0.790213
9 0.528267
9 0.429359
9 0.45683
9 0.585107
9 0.759212
9 0.923816
9 1.01464
9 1.02617
9 0.916837
9 0.776575
9 0.651043
9 0.567888
9 0.572529
10 0
10 0
10 0
10 0
10 0
10 0
10 0
10 0
10 0
10 0
10 0
10 0
10 0
10 0
10 0
10 0
10 0
10 0
10 0
10 0
10 0
10 0
10 0
10 0
10 0
10 0
10 0
10 0
10 0
10 0
10 0
10 0
10 0
10 0
10 0
10 0
10 0
10 0
10 0
10 0.00286833
10 0.0518404
10 0.307261
10 1.04438
10 2.25371
10 3.59433
10 4.63095
10 4.83677
10 4.44504
10 3.64445
10 2.69134
10 1.82855
10 1.15398
10 0.667196
10 0.361459
10 0.185882
10 0.0933073
10 0.0540955
10 0.0478062
10 0.0651641
10 0.114699
10 0.202613
10 0.308691
10 0.46653
10 0.619929
10 0.795517
10 0.892674
10 0.942549
10 0.903497
10 0.795912
10 0.642913
10 0.471596
10 0.330575
10 0.233341
10 0.205132
10 0.26718
10 0.443278
10 0.765269
10 1.21169
10 1.72517
10 2.24213
10 2.56201
10 2.67306
10 2.5209
10 2.16805
10 1.68459
10 1.22406
10 0.817393
10 0.560574
10 0.449819
10 0.476535
10 0.60202
10 0.758195
10 0.91005
10 0.994462
10 1.00636
10 0.915975
10 0.78396
10 0.668187
10 0.595633
10 0.599168
11 0
11 0
11 0
11 0
11 0
11 0
11 0
11 0
11 0
11 0
11 0
11 0
11 0
11 0
11 0
11 0
11 0
11 0
11 0
11 0
11 0
11 0
11 0
11 0
11 0
11 0
11 0
11 0
11 0
11 0
11 0
11 0
11 0
11 0
11 0
11 0
11 0
11 0
11 0
11 0.00328809
11 0.0439878
11 0.27291
11 0.982921
11 2.20254
11 3.61958
11 4.64239
11 4.89901
11 4.57
11 3.69146
11 2.72301
11 1.81755
11 1.11307
11 0.650761
11 0.337242
11 0.161259
11 0.0750215
11 0.0429823
11 0.0369112
11 0.0581789
11 0.0999304
11 0.173835
11 0.297262
11 0.447724
11 0.6225
11 0.817032
11 0.943764
11 0.974366
11 0.95503
11 0.813801
11 0.637671
11 0.450841
11 0.304782
11 0.215564
11 0.179874
11 0.239409
11 0.406587
11 0.732552
11 1.18108
11 1.7172
11 2.25097
11 2.63233
11 2.75732
11 2.59563
11 2.21639
11 1.69904
11 1.19118
11 0.786814
11 0.519114
11 0.410461
11 0.439878
11 0.577177
11 0.758273
11 0.922999
11 1.01806
11 1.02534
11 0.922965
11 0.785449
11 0.648919
11 0.565829
11 0.561393
12 0
12 0
12 0
12 0
12 0
12 0
12 0
12 0
12 0
12 0
12 0
12 0
12 0
12 0
12 0
12 0
12 0
12 0
12 0
12 0
12 0
12 0
12 0
12 0
12 0
12 0
12 0
12 0
12 0
12 0
12 0
12 0
12 0
12 0
12 0
12 0
12 0
12 0
12 0
12 0.00272841
12 0.0441209
12 0.289579
12 1.0225
12 2.24938
12 3.64687
12 4.62172
12 4.86983
12 4.46966
12 3.65499
12 2.6728
12 1.81241
12 1.13525
12 0.665414
12 0.359285
12 0.185955
12 0.0949375
12 0.0510522
12 0.0470799
12 0.0634098
12 0.107238
12 0.188179
12 0.306758
12 0.446857
12 0.633221
12 0.787409
12 0.927532
12 0.965678
12 0.912385
12 0.804752
12 0.633964
12 0.462218
12 0.317785
12 0.227339
12 0.201838
12 0.262341
12 0.440941
12 0.753779
12 1.19913
12 1.74717
12 2.23864
12 2.58744
12 2.68038
12 2.53512
12 2.16629
12 1.68153
12 1.20548
12 0.815058
12 0.557509
12 0.445178
12 0.464789
12 0.587066
12 0.766031
12 0.91486
12 1.01001
12 1.02042
12 0.923635
12 0.781276
12 0.655659
12 0.57987
12 0.583412
13 0
13 0
13 0
13 0
13 0
13 0
13 0
13 0
13 0
13 0
13 0
13 0
13 0
13 0
13 0
13 0
13 0
13 0
13 0
13 0
13 0
13 0
13 0
13 0
13 0
13 0
13 0
13 0
13 0
13 0
13 0
13 0
13 0
13 0
13 0
13 0
13 0
13 0
13 0
13 0.003428
13 0.0488457
13 0.302888
13 1.00528
13 2.21915
13 3.63805
13 4.61935
13 4.86872
13 4.48655
13 3.68149
13 2.69895
13 1.81776
13 1.13743
13 0.654761
13 0.349942
13 0.175628
13 0.0912519
13 0.0496502
13 0.0439104
13 0.0594547
13 0.110259
13 0.182572
13 0.295993
13 0.456806
13 0.633735
13 0.798324
13 0.911222
13 0.96748
13 0.923933
13 0.811126
13 0.644066
13 0.464019
13 0.317401
13 0.222625
13 0.193816
13 0.252232
13 0.430964
13 0.755886
13 1.20096
13 1.71514
13 2.23995
13 2.58652
13 2.71469
13 2.55732
13 2.19128
13 1.6968
13 1.20158
13 0.799769
13 0.544264
13 0.430516
13 0.459324
13 0.585827
13 0.759407
13 0.918177
13 1.01237
13 1.01895
13 0.926543
13 0.776598
13 0.65412
13 0.567618
13 0.571923
14 0
14 0
14 0
14 0
14 0
14 0
14 0
14 0
14 0
14 0
14 0
14 0
14 0
14 0
14 0
14 0
14 0
14 0
14 0
14 0
14 0
14 0
14 0
14 0
14 0
14 0
14 0
14 0
14 0
14 0
14 0
14 0
14 0
14 0
14 0
14 0
14 0
14 0
14 0.000368203
14 0.00391772
14 0.0503098
14 0.300226
14 1.00456
14 2.20888
14 3.62057
14 4.65853
14 4.92643
14 4.50014
14 3.63304
14 2.67837
14 1.81768
14 1.12109
14 0.632583
14 0.363366
14 0.182427
14 0.0919961
14 0.0502657
14 0.0404768
14 0.0563608
14 0.101195
14 0.179173
14 0.305978
14 0.458342
14 0.622446
14 0.807062
14 0.919899
14 0.978118
14 0.936966
14 0.813569
14 0.638642
14 0.462196
14 0.316099
14 0.214173
14 0.192382
14 0.252449
14 0.433722
14 0.750571
14 1.20694
14 1.72758
14 2.24277
14 2.59298
14 2.712
14 2.55629
14 2.17393
14 1.68667
14 1.19831
14 0.806538
14 0.538247
14 0.439965
14 0.462963
14 0.587653
14 0.75105
14 0.914834
14 1.01216
14 1.02828
14 0.915628
14 0.778392
14 0.644808
14 0.565244
14 0.574525
15 0
15 0
15 0
15 0
15 0
15 0
15 0
15 0
15 0
15 0
15 0
15 0
15 0
15 0
15 0
15 0
15 0
15 0
15 0
15 0
15 0
15 0
15 0
15 0
15 0
15 0
15 0
15 0
15 0
15 0
15 0
15 0
15 0
15 0
15 0
15 0
15 0
15 0
15 0
15 0.00251853
15 0.0432558
15 0.292874
15 0.988904
15 2.21067
15 3.62542
15 4.6484
15 4.92289
15 4.51069
15 3.66483
15 2.70715
15 1.80107
15 1.12463
15 0.651751
15 0.342734
15 0.177429
15 0.0882752
15 0.0512915
15 0.0424247
15 0.0578599
15 0.101873
15 0.181916
15 0.290596
15 0.453061
15 0.622961
15 0.793838
15 0.914174
15 0.995076
15 0.945255
15 0.825759
15 0.637399
15 0.455475
15 0.312148
15 0.214069
15 0.191796
15 0.245192
15 0.426273
15 0.738391
15 1.18253
15 1.72065
15 2.2459
15 2.60257
15 2.75348
15 2.58194
15 2.19283
15 1.6756
15 1.19631
15 0.79138
15 0.532288
15 0.421513
15 0.452851
15 0.581149
15 0.758703
15 0.931318
15 1.02163
15 1.03128
15 0.928435
15 0.779224
15 0.646553
15 0.562544
15 0.563565
16 0
16 0
16 0
16 0
16 0
16 0
16 0
16 0
16 0
16 0
16 0
16 0
16 0
16 0
16 0
16 0
16 0
16 0
16 0
16 0
16 0
16 0
16 0
16 0
16 0
16 0
16 0
16 0
16 0
16 0
16 0
16 0
16 0
16 0
16 0
16 0
16 0
16 0
16 0
16 0.00356792
16 0.047781
16 0.299973
16 1.02111
16 2.24753
16 3.63755
16 4.60174
16 4.91527
16 4.44959
16 3.61777
16 2.6855
16 1.83219
16 1.13303
16 0.65678
16 0.353717
16 0.192386
16 0.0900471
16 0.0530696
16 0.0480704
16 0.0636012
16 0.113929
16 0.189909
16 0.305026
16 0.460802
16 0.632192
16 0.783526
16 0.91799
16 0.964666
16 0.904288
16 0.808614
16 0.629558
16 0.474077
16 0.316867
16 0.225242
16 0.201676
16 0.265075
16 0.446093
16 0.755607
16 1.22255
16 1.7215
16 2.22944
16 2.59573
16 2.68762
16 2.55793
16 2.15591
16 1.66936
16 1.19291
16 0.803723
16 0.551949
16 0.44508
16 0.472911
16 0.595783
16 0.759212
16 0.925589
16 1.01543
16 1.01234
16 0.913222
16 0.78321
16 0.659471
16 0.579161
16 0.573488
17 0
17 0
17 0
17 0
17 0
17 0
17 0
17 0
17 0
17 0
17 0
17 0
17 0
17 0
17 0
17 0
17 0
17 0
17 0
17 0
17 0
17 0
17 0
17 0
17 0
17 0
17 0
17 0
17 0
17 0
17 0
17 0
17 0
17 0
17 0
17 0
17 0
17 0
17 0
17 0.00363788
17 0.0483133
17 0.289389
17 1.0219
17 2.25832
17 3.62487
17 4.58413
17 4.89639
17 4.48466
17 3.65777
17 2.70581
17 1.79846
17 1.13373
17 0.659949
17 0.355815
17 0.180994
17 0.0927758
17 0.0572755
17 0.0454291
17 0.0654512
17 0.10249
17 0.190714
17 0.299196
17 0.453089
17 0.624883
17 0.795333
17 0.912164
17 0.971478
17 0.919237
17 0.801681
17 0.636337
17 0.478382
17 0.319195
17 0.221857
17 0.193816
17 0.255025
17 0.439333
17 0.762396
17 1.194
17 1.7223
17 2.21888
17 2.58709
17 2.7149
17 2.56521
17 2.17982
17 1.6824
17 1.19822
17 0.808231
17 0.555713
17 0.440049
17 0.464802
17 0.584321
17 0.764349
17 0.917973
17 1.00881
17 1.0199
17 0.91704
17 0.775555
17 0.656015
17 0.579038
17 0.576013
18 0
18 0
18 0
18 0
18 0
18 0
18 0
18 0
18 0
18 0
18 0
18 0
18 0
18 0
18 0
18 0
18 0
18 0
18 0
18 0
18 0
18 0
18 0
18 0
18 0
18 0
18 0
18 0
18 0
18 0
18 0
18 0
18 0
18 0
18 0
18 0
18 0
18 0
18 7.36405e-05
18 0.00314817
18 0.0431227
18 0.293825
18 1.00286
18 2.21788
18 3.64251
18 4.6329
18 4.88044
18 4.49811
18 3.65666
18 2.70256
18 1.8158
18 1.13171
18 0.659671
18 0.347348
18 0.183419
18 0.0850149
18 0.0474276
18 0.0428209
18 0.0612409
18 0.109735
18 0.181618
18 0.306353
18 0.463037
18 0.635007
18 0.795149
18 0.907431
18 0.953928
18 0.919812
18 0.809637
18 0.645987
18 0.46885
18 0.32101
18 0.222501
18 0.195817
18 0.255497
18 0.436116
18 0.748537
18 1.19175
18 1.72777
18 2.23992
18 2.59618
18 2.71694
18 2.54741
18 2.19231
18 1.67374
18 1.2075
18 0.804292
18 0.540771
18 0.435087
18 0.460919
18 0.587959
18 0.762497
18 0.918241
18 1.01455
18 1.01635
18 0.918584
18 0.780455
18 0.646496
18 0.577339
18 0.576002
19 0
19 0
19 0
19 0
19 0
19 0
19 0
19 0
19 0
19 0
19 0
19 0
19 0
19 0
19 0
19 0
19 0
19 0
19 0
19 0
19 0
19 0
19 0
19 0
19 0
19 0
19 0
19 0
19 0
19 0
19 0
19 0
19 0
19 0
19 0
19 0
19 0
19 0
19 7.36405e-05
19 0.00293829
19 0.0510418
19 0.282987
19 0.978147
19 2.23057
19 3.64758
19 4.6415
19 4.89412
19 4.49932
19 3.66715
19 2.68073
19 1.82179
19 1.1192
19 0.656186
19 0.35734
19 0.18081
19 0.0908976
19 0.0499921
19 0.0399816
19 0.0652598
19 0.106899
19 0.19468
19 0.305286
19 0.463093
19 0.625207
19 0.80331
19 0.897254
19 0.953435
19 0.927311
19 0.79526
19 0.636586
19 0.464502
19 0.323999
19 0.221421
19 0.197817
19 0.258074
19 0.438394
19 0.734996
19 1.20038
19 1.72664
19 2.23757
19 2.6103
19 2.7166
19 2.55865
19 2.17601
19 1.68702
19 1.19925
19 0.803679
19 0.543194
19 0.432258
19 0.464257
19 0.581402
19 0.752862
19 0.921571
19 1.0148
19 1.03299
19 0.932324
19 0.778814
19 0.657473
19 0.573198
19 0.586113
20 0
20 0
20 0
20 0
20 0
20 0
20 0
20 0
20 0
20 0
20 0
20 0
20 0
20 0
20 0
20 0
20 0
20 0
20 0
20 0
20 0
20 0
20 0
20 0
20 0
20 0
20 0
20 0
20 0
20 0
20 0
20 0
20 0
20 0
20 0
20 0
20 0
20 0
20 7.36405e-05
20 0.00328809
20 0.0491785
20 0.307642
20 1.00897
20 2.22273
20 3.63568
20 4.62099
20 4.86337
20 4.50319
20 3.67207
20 2.69673
20 1.78956
20 1.13842
20 0.660226
20 0.351849
20 0.179818
20 0.0877082
20 0.049445
20 0.0449009
20 0.0605711
20 0.109674
20 0.191758
20 0.315098
20 0.465412
20 0.6336
20 0.783054
20 0.907126
20 0.962271
20 0.909774
20 0.799657
20 0.6421
20 0.473111
20 0.322034
20 0.230392
20 0.199676
20 0.265685
20 0.432381
20 0.74546
20 1.20016
20 1.72901
20 2.22089
20 2.58384
20 2.71625
20 2.55851
20 2.17644
20 1.69749
20 1.1973
20 0.809938
20 0.541697
20 0.430711
20 0.460142
20 0.590039
20 0.763227
20 0.913444
20 1.01438
20 1.0257
20 0.925813
20 0.785285
20 0.659242
20 0.582233
20 0.575043
21 0
21 0
21 0
21 0
21 0
21 0
21 0
21 0
21 0
21 0
21 0
21 0
21 0
21 0
21 0
21 0
21 0
21 0
21 0
21 0
21 0
21 0
21 0
21 0
21 0
21 0
21 0
21 0
21 0
21 0
21 0
21 0
21 0
21 0
21 0
21 0
21 0
21 0
21 0
21 0.00349796
21 0.0428565
21 0.279375
21 0.988662
21 2.22486
21 3.61456
21 4.6407
21 4.94606
21 4.50503
21 3.67049
21 2.69659
21 1.822
21 1.13669
21 0.626523
21 0.346815
21 0.176988
21 0.0844834
21 0.0435636
21 0.0364159
21 0.0592633
21 0.0952129
21 0.180038
21 0.289961
21 0.456107
21 0.631542
21 0.799925
21 0.924606
21 0.986363
21 0.944321
21 0.824433
21 0.64045
21 0.471574
21 0.308454
21 0.207756
21 0.178601
21 0.241966
21 0.41867
21 0.73438
21 1.1825
21 1.72597
21 2.24389
21 2.60173
21 2.7385
21 2.58789
21 2.21602
21 1.71226
21 1.20164
21 0.789323
21 0.514965
21 0.415213
21 0.442453
21 0.575178
21 0.766135
21 0.922629
21 1.02324
21 1.0332
21 0.925023
21 0.770046
21 0.640651
21 0.562071
21 0.553929
22 0
22 0
22 0
22 0
22 0
22 0
22 0
22 0
22 0
22 0
22 0
22 0
22 0
22 0
22 0
22 0
22 0
22 0
22 0
22 0
22 0
22 0
22 0
22 0
22 0
22 0
22 0
22 0
22 0
22 0
22 0
22 0
22 0
22 0
22 0
22 0
22 0
22 0
22 0
22 0.00300825
22 0.0434554
22 0.283051
22 0.97295
22 2.21211
22 3.59549
22 4.63005
22 4.92693
22 4.54518
22 3.73086
22 2.72145
22 1.83103
22 1.10661
22 0.629018
22 0.334115
22 0.167176
22 0.0787425
22 0.0420932
22 0.032355
22 0.0469514
22 0.0931779
22 0.173715
22 0.295935
22 0.449233
22 0.631596
22 0.808741
22 0.941805
22 0.98851
22 0.947388
22 0.817756
22 0.648089
22 0.465578
22 0.306981
22 0.210518
22 0.177106
22 0.23762
22 0.407334
22 0.714982
22 1.18581
22 1.72172
22 2.23365
22 2.643
22 2.74979
22 2.6126
22 2.21479
22 1.70029
22 1.19773
22 0.777214
22 0.521252
22 0.407004
22 0.439973
22 0.571859
22 0.75457
22 0.922196
22 1.02017
22 1.0278
22 0.927357
22 0.787688
22 0.653156
22 0.550595
22 0.551349
23 0
23 0
23 0
23 0
23 0
23 0
23 0
23 0
23 0
23 0
23 0
23 0
23 0
23 0
23 0
23 0
23 0
23 0
23 0
23 0
23 0
23 0
23 0
23 0
23 0
23 0
23 0
23 0
23 0
23 0
23 0
23 0
23 0
23 0
23 0
23 0
23 0
23 0
23 0
23 0.00265845
23 0.042923
23 0.276142
23 0.968962
23 2.22002
23 3.64009
23 4.58803
23 4.95576
23 4.5179
23 3.72047
23 2.7202
23 1.81267
23 1.1127
23 0.654523
23 0.331026
23 0.163611
23 0.0820027
23 0.0425378
23 0.0354915
23 0.0542556
23 0.100578
23 0.169421
23 0.293511
23 0.458818
23 0.628889
23 0.791529
23 0.937683
23 1.00265
23 0.946932
23 0.815918
23 0.642823
23 0.4562
23 0.303842
23 0.20354
23 0.180137
23 0.24291
23 0.411757
23 0.726975
23 1.17806
23 1.71831
23 2.24412
23 2.64293
23 2.76212
23 2.61278
23 2.19904
23 1.69196
23 1.18726
23 0.785603
23 0.514038
23 0.408774
23 0.446051
23 0.568714
23 0.755131
23 0.92041
23 1.03145
23 1.03802
23 0.937555
23 0.791579
23 0.650653
23 0.555602
23 0.540058
24 0
24 0
24 0
24 0
24 0
24 0
24 0
24 0
24 0
24 0
24 0
24 0
24 0
24 0
24 0
24 0
24 0
24 0
24 0
24 0
24 0
24 0
24 0
24 0
24 0
24 0
24 0
24 0
24 0
24 0
24 0
24 0
24 0
24 0
24 0
24 0
24 0
24 0
24 0.000220922
24 0.00426751
24 0.0508421
24 0.286727
24 1.00051
24 2.20692
24 3.64108
24 4.6193
24 4.91986
24 4.51263
24 3.66738
24 2.68198
24 1.81169
24 1.11706
24 0.654008
24 0.350399
24 0.181104
24 0.0918189
24 0.0488295
24 0.0460234
24 0.0615599
24 0.103199
24 0.186211
24 0.29732
24 0.456442
24 0.631055
24 0.795018
24 0.915166
24 0.97054
24 0.924628
24 0.816709
24 0.638597
24 0.467357
24 0.312746
24 0.214651
24 0.199676
24 0.258703
24 0.434469
24 0.754264
24 1.20905
24 1.71442
24 2.24087
24 2.60205
24 2.71579
24 2.54789
24 2.16823
24 1.69054
24 1.19
24 0.802628
24 0.542382
24 0.438418
24 0.459379
24 0.57943
24 0.751571
24 0.92203
24 1.02303
24 1.026
24 0.926651
24 0.793138
24 0.659322
24 0.572321
24 0.569585
25 0
25 0
25 0
25 0
25 0
25 0
25 0
25 0
25 0
25 0
25 0
25 0
25 0
25 0
25 0
25 0
25 0
25 0
25 0
25 0
25 0
25 0
25 0
25 0
25 0
25 0
25 0
25 0
25 0
25 0
25 0
25 0
25 0
25 0
25 0
25 0
25 0
25 0
25 0
25 0.00573666
25 0.0474482
25 0.306818
25 1.01882
25 2.25036
25 3.60045
25 4.61519
25 4.90517
25 4.44001
25 3.65582
25 2.69503
25 1.82538
25 1.13381
25 0.659117
25 0.364205
25 0.187315
25 0.0872829
25 0.0473934
25 0.0449999
25 0.0600288
25 0.111092
25 0.186509
25 0.295675
25 0.454849
25 0.628943
25 0.803651
25 0.926641
25 0.963802
25 0.924676
25 0.796959
25 0.626891
25 0.468038
25 0.319728
25 0.223664
25 0.198848
25 0.261771
25 0.436173
25 0.755476
25 1.19355
25 1.72088
25 2.23482
25 2.59738
25 2.72477
25 2.53743
25 2.17429
25 1.69052
25 1.19978
25 0.803781
25 0.54991
25 0.445038
25 0.471957
25 0.595863
25 0.757334
25 0.910012
25 0.999369
25 1.00828
25 0.909631
25 0.783538
25 0.662124
25 0.584404
25 0.582464
26 0
26 0
26 0
26 0
26 0
26 0
26 0
26 0
26 0
26 0
26 0
26 0
26 0
26 0
26 0
26 0
26 0
26 0
26 0
26 0
26 0
26 0
26 0
26 0
26 0
26 0
26 0
26 0
26 0
26 0
26 0
26 0
26 0
26 0
26 0
26 0
26 0
26 0
26 7.36405e-05
26 0.00461731
26 0.0519069
26 0.277093
26 1.00752
26 2.26501
26 3.60018
26 4.63121
26 4.89972
26 4.47576
26 3.66794
26 2.69869
26 1.83818
26 1.12043
26 0.648345
26 0.345594
26 0.186653
26 0.0886296
26 0.043803
26 0.036614
26 0.0597099
26 0.103723
26 0.177264
26 0.296108
26 0.443448
26 0.625993
26 0.809187
26 0.933154
26 0.986165
26 0.945184
26 0.807939
26 0.640021
26 0.461801
26 0.305785
26 0.214983
26 0.185916
26 0.250167
26 0.431118
26 0.753238
26 1.17328
26 1.72193
26 2.229
26 2.61028
26 2.74046
26 2.59834
26 2.19701
26 1.67242
26 1.19037
26 0.788287
26 0.541726
26 0.430446
26 0.450534
26 0.581455
26 0.761207
26 0.922106
26 1.00671
26 1.02391
26 0.923587
26 0.786269
26 0.652869
26 0.566077
26 0.558295
27 0
27 0
27 0
27 0
27 0
27 0
27 0
27 0
27 0
27 0
27 0
27 0
27 0
27 0
27 0
27 0
27 0
27 0
27 0
27 0
27 0
27 0
27 0
27 0
27 0
27 0
27 0
27 0
27 0
27 0
27 0
27 0
27 0
27 0
27 0
27 0
27 0
27 0
27 7.36405e-05
27 0.00426751
27 0.0474482
27 0.288881
27 0.997546
27 2.23479
27 3.61512
27 4.61693
27 4.92668
27 4.53594
27 3.67476
27 2.67133
27 1.80171
27 1.11862
27 0.649969
27 0.348454
27 0.177209
27 0.0877791
27 0.0497528
27 0.038793
27 0.0561056
27 0.0978337
27 0.179888
27 0.285863
27 0.447584
27 0.630784
27 0.809948
27 0.935393
27 0.984511
27 0.95412
27 0.818477
27 0.637241
27 0.460175
27 0.310035
27 0.210559
27 0.178662
27 0.245093
27 0.430849
27 0.745329
27 1.18499
27 1.73613
27 2.24396
27 2.6293
27 2.71504
27 2.57719
27 2.17694
27 1.67291
27 1.20251
27 0.7992
27 0.540642
27 0.41991
27 0.449485
27 0.575045
27 0.756448
27 0.925525
27 1.0256
27 1.03395
27 0.926986
27 0.779986
27 0.638779
27 0.562465
27 0.556872
28 0
28 0
28 0
28 0
28 0
28 0
28 0
28 0
28 0
28 0
28 0
28 0
28 0
28 0
28 0
28 0
28 0
28 0
28 0
28 0
28 0
28 0
28 0
28 0
28 0
28 0
28 0
28 0
28 0
28 0
28 0
28 0
28 0
28 0
28 0
28 0
28 0
28 0
28 0
28 0.00293829
28 0.0495777
28 0.306564
28 1.01223
28 2.24569
28 3.65541
28 4.60454
28 4.90603
28 4.45713
28 3.63188
28 2.6749
28 1.8158
28 1.12932
28 0.661652
28 0.360849
28 0.189042
28 0.0904723
28 0.0549503
28 0.0453961
28 0.0644624
28 0.110074
28 0.185465
28 0.300726
28 0.445069
28 0.620714
28 0.802181
28 0.91252
28 0.983771
28 0.925826
28 0.805543
28 0.633919
28 0.467818
28 0.317849
28 0.219759
28 0.193816
28 0.257916
28 0.433875
28 0.767992
28 1.1966
28 1.73378
28 2.23614
28 2.58904
28 2.70866
28 2.53926
28 2.18873
28 1.68243
28 1.19494
28 0.800426
28 0.546916
28 0.437763
28 0.463617
28 0.588413
28 0.759694
28 0.922349
28 1.02058
28 1.02641
28 0.91771
28 0.771699
28 0.651146
28 0.5715
28 0.575385
29 0
29 0
29 0
29 0
29 0
29 0
29 0
29 0
29 0
29 0
29 0
29 0
29 0
29 0
29 0
29 0
29 0
29 0
29 0
29 0
29 0
29 0
29 0
29 0
29 0
29 0
29 0
29 0
29 0
29 0
29 0
29 0
29 0
29 0
29 0
29 0
29 0
29 0
29 0
29 0.00195886
29 0.0496443
29 0.293191
29 1.01882
29 2.28411
29 3.65039
29 4.60759
29 4.84687
29 4.43028
29 3.61773
29 2.71459
29 1.8479
29 1.13085
29 0.668622
29 0.365692
29 0.184007
29 0.0927758
29 0.0474276
29 0.043052
29 0.0592952
29 0.100578
29 0.188626
29 0.301014
29 0.461416
29 0.625397
29 0.789928
29 0.920942
29 0.951139
29 0.923142
29 0.817035
29 0.650642
29 0.474275
29 0.318853
29 0.222708
29 0.192806
29 0.258742
29 0.444618
29 0.751205
29 1.20298
29 1.75064
29 2.23394
29 2.56455
29 2.70108
29 2.51621
29 2.16729
29 1.69142
29 1.20902
29 0.823009
29 0.556497
29 0.446474
29 0.466329
29 0.587133
29 0.759851
29 0.902664
29 1.01098
29 1.01417
29 0.912899
29 0.786293
29 0.653902
29 0.572996
29 0.57737
30 0
30 0
30 0
30 0
30 0
30 0
30 0
30 0
30 0
30 0
30 0
30 0
30 0
30 0
30 0
30 0
30 0
30 0
30 0
30 0
30 0
30 0
30 0
30 0
30 0
30 0
30 0
30 0
30 0
30 0
30 0
30 0
30 0
30 0
30 0
30 0
30 0
30 0
30 0
30 0.00251853
30 0.0461173
30 0.282607
30 0.997304
30 2.21621
30 3.62035
30 4.6261
30 4.89992
30 4.52936
30 3.69601
30 2.71406
30 1.83056
30 1.12101
30 0.63686
30 0.335145
30 0.173093
30 0.0807978
30 0.0437688
30 0.0383638
30 0.0539685
30 0.100825
30 0.174312
30 0.289845
30 0.449792
30 0.632598
30 0.810341
30 0.945367
30 0.99009
30 0.937301
30 0.80652
30 0.637829
30 0.461603
30 0.306704
30 0.210871
30 0.180723
30 0.237167
30 0.422366
30 0.721249
30 1.17815
30 1.7319
30 2.24474
30 2.62501
30 2.75265
30 2.59448
30 2.21503
30 1.71278
30 1.19519
30 0.78038
30 0.513011
30 0.410293
30 0.444579
30 0.570726
30 0.751167
30 0.926929
30 1.02424
30 1.03543
30 0.928578
30 0.784417
30 0.64761
30 0.557987
30 0.558626
31 0
31 0
31 0
31 0
31 0
31 0
31 0
31 0
31 0
31 0
31 0
31 0
31 0
31 0
31 0
31 0
31 0
31 0
31 0
31 0
31 0
31 0
31 0
31 0
31 0
31 0
31 0
31 0
31 0
31 0
31 0
31 0
31 0
31 0
31 0
31 0
31 0
31 0
31 0
31 0.00293829
31 0.0462504
31 0.279375
31 0.970895
31 2.22844
31 3.6112
31 4.66691
31 4.88513
31 4.5238
31 3.70914
31 2.71321
31 1.81721
31 1.12636
31 0.638286
31 0.345632
31 0.16758
31 0.0802308
31 0.0396313
31 0.0351283
31 0.0503324
31 0.100547
31 0.172015
31 0.293366
31 0.447975
31 0.639555
31 0.810814
31 0.933333
31 0.988461
31 0.947795
31 0.811452
31 0.63819
31 0.460461
31 0.316889
31 0.202107
31 0.174621
31 0.234394
31 0.422079
31 0.733298
31 1.19758
31 1.73406
31 2.24501
31 2.61121
31 2.74163
31 2.58232
31 2.19773
31 1.71081
31 1.2033
31 0.784159
31 0.523762
31 0.414516
31 0.443135
31 0.575205
31 0.751767
31 0.928791
31 1.0163
31 1.03276
31 0.9323
31 0.781428
31 0.652409
31 0.560485
31 0.557589
32 0
32 0
32 0
32 0
32 0
32 0
32 0
32 0
32 0
32 0
32 0
32 0
32 0
32 0
32 0
32 0
32 0
32 0
32 0
32 0
32 0
32 0
32 0
32 0
32 0
32 0
32 0
32 0
32 0
32 0
32 0
32 0
32 0
32 0
32 0
32 0
32 0
32 0
32 7.36405e-05
32 0.00349796
32 0.0485795
32 0.268854
32 0.993497
32 2.20537
32 3.59599
32 4.64429
32 4.96126
32 4.56294
32 3.68924
32 2.66496
32 1.79936
32 1.11187
32 0.644226
32 0.343497
32 0.168389
32 0.0916772
32 0.0481798
32 0.0397175
32 0.0609538
32 0.106251
32 0.178487
32 0.306007
32 0.459237
32 0.629458
32 0.797773
32 0.914988
32 0.98034
32 0.934858
32 0.805822
32 0.638823
32 0.458748
32 0.322376
32 0.215793
32 0.183855
32 0.252193
32 0.422347
32 0.740815
32 1.18673
32 1.73156
32 2.24434
32 2.60058
32 2.75594
32 2.57881
32 2.17565
32 1.69171
32 1.19031
32 0.788463
32 0.527583
32 0.422628
32 0.455686
32 0.575258
32 0.774049
32 0.934379
32 1.01453
32 1.02649
32 0.921193
32 0.782729
32 0.647081
32 0.569384
32 0.573257
33 0
33 0
33 0
33 0
33 0
33 0
33 0
33 0
33 0
33 0
33 0
33 0
33 0
33 0
33 0
33 0
33 0
33 0
33 0
33 0
33 0
33 0
33 0
33 0
33 0
33 0
33 0
33 0
33 0
33 0
33 0
33 0
33 0
33 0
33 0
33 0
33 0
33 0
33 0
33 0.00363788
33 0.0443871
33 0.272847
33 0.993497
33 2.22233
33 3.60178
33 4.63322
33 4.95858
33 4.52472
33 3.69197
33 2.70207
33 1.81327
33 1.10496
33 0.630563
33 0.344946
33 0.172064
33 0.0875664
33 0.0491715
33 0.0417974
33 0.0579556
33 0.0979262
33 0.169958
33 0.295358
33 0.448003
33 0.625099
33 0.797773
33 0.93145
33 0.991645
33 0.953161
33 0.814964
33 0.650868
33 0.462811
33 0.314583
33 0.199947
33 0.180622
33 0.23701
33 0.415415
33 0.738894
33 1.18155
33 1.72149
33 2.23522
33 2.63205
33 2.7473
33 2.58383
33 2.21418
33 1.71041
33 1.1882
33 0.787222
33 0.517004
33 0.411394
33 0.447782
33 0.577377
33 0.756004
33 0.920984
33 1.02946
33 1.03079
33 0.925694
33 0.778017
33 0.643338
33 0.5653
33 0.551569
34 0
34 0
34 0
34 0
34 0
34 0
34 0
34 0
34 0
34 0
34 0
34 0
34 0
34 0
34 0
34 0
34 0
34 0
34 0
34 0
34 0
34 0
34 0
34 0
34 0
34 0
34 0
34 0
34 0
34 0
34 0
34 0
34 0
34 0
34 0
34 0
34 0
34 0
34 0
34 0.003428
34 0.0483133
34 0.27817
34 1.01827
34 2.24142
34 3.60613
34 4.65146
34 4.89073
34 4.46308
34 3.67211
34 2.68862
34 1.82936
34 1.13657
34 0.656503
34 0.34262
34 0.179818
34 0.0865033
34 0.0516677
34 0.0454291
34 0.0650366
34 0.108964
34 0.179531
34 0.292096
34 0.460466
34 0.625343
34 0.800948
34 0.926946
34 0.954743
34 0.931216
34 0.811056
34 0.640224
34 0.464129
34 0.318746
34 0.217537
34 0.190482
34 0.257326
34 0.443756
34 0.757528
34 1.20018
34 1.7192
34 2.22443
34 2.60508
34 2.70963
34 2.5463
34 2.17617
34 1.69769
34 1.20284
34 0.801447
34 0.546132
34 0.437025
34 0.461832
34 0.591038
34 0.758169
34 0.910739
34 1.01239
34 1.0226
34 0.921229
34 0.776106
34 0.653764
34 0.572478
34 0.577039
35 0
35 0
35 0
35 0
35 0
35 0
35 0
35 0
35 0
35 0
35 0
35 0
35 0
35 0
35 0
35 0
35 0
35 0
35 0
35 0
35 0
35 0
35 0
35 0
35 0
35 0
35 0
35 0
35 0
35 0
35 0
35 0
35 0
35 0
35 0
35 0
35 0
35 0
35 0.000368203
35 0.00328809
35 0.0497108
35 0.292938
35 1.028
35 2.23957
35 3.65784
35 4.62125
35 4.84828
35 4.45384
35 3.65466
35 2.6916
35 1.81939
35 1.14945
35 0.654602
35 0.353488
35 0.181435
35 0.0950083
35 0.0536167
35 0.0447028
35 0.0642391
35 0.111832
35 0.178845
35 0.3024
35 0.460746
35 0.624152
35 0.803519
35 0.907864
35 0.962888
35 0.917297
35 0.808869
35 0.645286
35 0.467489
35 0.321479
35 0.219303
35 0.195453
35 0.25534
35 0.434086
35 0.758349
35 1.20211
35 1.72737
35 2.23522
35 2.59384
35 2.71366
35 2.53815
35 2.1819
35 1.6865
35 1.19243
35 0.814796
35 0.541883
35 0.435241
35 0.46314
35 0.586547
35 0.762276
35 0.916493
35 1.01323
35 1.02397
35 0.924988
35 0.782987
35 0.656704
35 0.576562
35 0.574745
36 0
36 0
36 0
36 0
36 0
36 0
36 0
36 0
36 0
36 0
36 0
36 0
36 0
36 0
36 0
36 0
36 0
36 0
36 0
36 0
36 0
36 0
36 0
36 0
36 0
36 0
36 0
36 0
36 0
36 0
36 0
36 0
36 0
36 0
36 0
36 0
36 0
36 0
36 0.000441843
36 0.00468727
36 0.0553008
36 0.311508
36 0.999903
36 2.25584
36 3.63513
36 4.61656
36 4.83985
36 4.47465
36 3.65633
36 2.69655
36 1.80668
36 1.14739
36 0.656503
36 0.364472
36 0.191872
36 0.0917835
36 0.0499921
36 0.0415333
36 0.063984
36 0.112973
36 0.192295
36 0.299081
36 0.451664
36 0.634736
36 0.795045
36 0.92
36 0.950275
36 0.917848
36 0.797028
36 0.636495
36 0.460505
36 0.325301
36 0.23305
36 0.196443
36 0.261417
36 0.446571
36 0.750888
36 1.20991
36 1.72832
36 2.23617
36 2.56224
36 2.70684
36 2.54272
36 2.17924
36 1.68506
36 1.21423
36 0.805152
36 0.54673
36 0.44522
36 0.470785
36 0.591585
36 0.757751
36 0.91611
36 1.00194
36 1.01752
36 0.908375
36 0.786375
36 0.664535
36 0.591279
36 0.584393
37 0
37 0
37 0
37 0
37 0
37 0
37 0
37 0
37 0
37 0
37 0
37 0
37 0
37 0
37 0
37 0
37 0
37 0
37 0
37 0
37 0
37 0
37 0
37 0
37 0
37 0
37 0
37 0
37 0
37 0
37 0
37 0
37 0
37 0
37 0
37 0
37 0
37 0
37 7.36405e-05
37 0.00349796
37 0.0478475
37 0.292938
37 0.998634
37 2.23127
37 3.63325
37 4.64672
37 4.89942
37 4.47895
37 3.64524
37 2.69459
37 1.80706
37 1.13949
37 0.658166
37 0.350933
37 0.188491
37 0.0860426
37 0.045923
37 0.0414673
37 0.0631547
37 0.108594
37 0.18636
37 0.295387
37 0.461919
37 0.629133
37 0.796934
37 0.909645
37 0.964123
37 0.925179
37 0.809753
37 0.651772
37 0.465183
37 0.317337
37 0.220029
37 0.188098
37 0.259962
37 0.436824
37 0.74255
37 1.19357
37 1.72487
37 2.22446
37 2.59869
37 2.72458
37 2.5594
37 2.19062
37 1.70138
37 1.20005
37 0.804277
37 0.53109
37 0.427784
37 0.466751
37 0.584961
37 0.753331
37 0.922502
37 1.0136
37 1.02047
37 0.915448
37 0.778779
37 0.65667
37 0.572298
37 0.575848
38 0
38 0
38 0
38 0
38 0
38 0
38 0
38 0
38 0
38 0
38 0
38 0
38 0
38 0
38 0
38 0
38 0
38 0
38 0
38 0
38 0
38 0
38 0
38 0
38 0
38 0
38 0
38 0
38 0
38 0
38 0
38 0
38 0
38 0
38 0
38 0
38 0
38 0
38 0.000515484
38 0.00300825
38 0.0467828
38 0.297184
38 1.03072
38 2.27563
38 3.68231
38 4.61909
38 4.82157
38 4.45863
38 3.61513
38 2.66728
38 1.80938
38 1.13093
38 0.674919
38 0.36798
38 0.192019
38 0.0967448
38 0.0521806
38 0.0421936
38 0.0645262
38 0.111215
38 0.187493
38 0.300985
38 0.450155
38 0.62694
38 0.798036
38 0.916667
38 0.965678
38 0.938547
38 0.804636
38 0.639049
38 0.462811
38 0.315842
38 0.222127
38 0.19814
38 0.271074
38 0.447529
38 0.777896
38 1.22168
38 1.73178
38 2.23334
38 2.57028
38 2.66301
38 2.50839
38 2.16113
38 1.68528
38 1.20111
38 0.806918
38 0.567161
38 0.466167
38 0.479929
38 0.605032
38 0.761167
38 0.918789
38 0.997908
38 0.998133
38 0.906017
38 0.770784
38 0.653098
38 0.576416
38 0.585738
39 0
39 0
39 0
39 0
39 0
39 0
39 0
39 0
39 0
39 0
39 0
39 0
39 0
39 0
39 0
39 0
39 0
39 0
39 0
39 0
39 0
39 0
39 0
39 0
39 0
39 0
39 0
39 0
39 0
39 0
39 0
39 0
39 0
39 0
39 0
39 0
39 0
39 0
39 7.36405e-05
39 0.00286833
39 0.0463169
39 0.283621
39 0.986124
39 2.20865
39 3.61098
39 4.63348
39 4.91027
39 4.50832
39 3.72125
39 2.73245
39 1.82414
39 1.11521
39 0.635236
39 0.337891
39 0.17052
39 0.0759783
39 0.0449656
39 0.0384959
39 0.0545746
39 0.100979
39 0.175057
39 0.289643
39 0.45348
39 0.637931
39 0.805225
39 0.935521
39 0.978883
39 0.94044
39 0.815453
39 0.644541
39 0.467379
39 0.303928
39 0.212221
39 0.180016
39 0.23703
39 0.411585
39 0.728113
39 1.19217
39 1.72354
39 2.23738
39 2.64101
39 2.76179
39 2.58216
39 2.19973
39 1.6763
39 1.19543
39 0.795028
39 0.528124
39 0.422572
39 0.451802
39 0.57034
39 0.755326
39 0.917539
39 1.01686
39 1.02995
39 0.933294
39 0.782999
39 0.64645
39 0.56323
39 0.556983
40 0
40 0
40 0
40 0
40 0
40 0
40 0
40 0
40 0
40 0
40 0
40 0
40 0
40 0
40 0
40 0
40 0
40 0
40 0
40 0
40 0
40 0
40 0
40 0
40 0
40 0
40 0
40 0
40 0
40 0
40 0
40 0
40 0
40 0
40 0
40 0
40 0
40 0
40 0.000294562
40 0.00335804
40 0.0465166
40 0.285015
40 0.988058
40 2.23634
40 3.61512
40 4.64914
40 4.94763
40 4.50919
40 3.63007
40 2.67508
40 1.81969
40 1.12167
40 0.653097
40 0.351925
40 0.176878
40 0.0925986
40 0.0498212
40 0.038793
40 0.0576685
40 0.103322
40 0.175713
40 0.300351
40 0.451971
40 0.631461
40 0.790112
40 0.926895
40 0.97449
40 0.936798
40 0.81643
40 0.65471
40 0.466281
40 0.313365
40 0.211764
40 0.187936
40 0.246057
40 0.435656
40 0.747698
40 1.19268
40 1.74055
40 2.25303
40 2.5944
40 2.71244
40 2.54635
40 2.17295
40 1.6922
40 1.19813
40 0.796603
40 0.541926
40 0.438056
40 0.463085
40 0.592771
40 0.765014
40 0.913482
40 1.01007
40 1.01782
40 0.918441
40 0.782342
40 0.646507
40 0.570318
40 0.562716
41 0
41 0
41 0
41 0
41 0
41 0
41 0
41 0
41 0
41 0
41 0
41 0
41 0
41 0
41 0
41 0
41 0
41 0
41 0
41 0
41 0
41 0
41 0
41 0
41 0
41 0
41 0
41 0
41 0
41 0
41 0
41 0
41 0
41 0
41 0
41 0
41 0
41 0
41 7.36405e-05
41 0.00363788
41 0.0456515
41 0.290149
41 0.988904
41 2.22238
41 3.60304
41 4.61756
41 4.95762
41 4.51456
41 3.67517
41 2.69494
41 1.82397
41 1.11015
41 0.649335
41 0.354022
41 0.171696
41 0.0828887
41 0.0459914
41 0.038793
41 0.0548935
41 0.097772
41 0.174013
41 0.288373
41 0.438781
41 0.633193
41 0.801315
41 0.945367
41 0.991127
41 0.948825
41 0.823642
41 0.645806
41 0.450622
41 0.305679
41 0.209687
41 0.181107
41 0.243933
41 0.428475
41 0.738223
41 1.20113
41 1.72512
41 2.25676
41 2.60498
41 2.73057
41 2.56219
41 2.1762
41 1.69931
41 1.20832
41 0.79281
41 0.531133
41 0.424593
41 0.45232
41 0.577324
41 0.756761
41 0.921583
41 1.02372
41 1.02879
41 0.924485
41 0.780115
41 0.640375
41 0.558617
41 0.552738
42 0
42 0
42 0
42 0
42 0
42 0
42 0
42 0
42 0
42 0
42 0
42 0
42 0
42 0
42 0
42 0
42 0
42 0
42 0
42 0
42 0
42 0
42 0
42 0
42 0
42 0
42 0
42 0
42 0
42 0
42 0
42 0
42 0
42 0
42 0
42 0
42 0
42 0
42 7.36405e-05
42 0.00461731
42 0.04645
42 0.307135
42 1.01157
42 2.27718
42 3.61914
42 4.58682
42 4.85817
42 4.49855
42 3.65336
42 2.71913
42 1.79752
42 1.12397
42 0.645573
42 0.364243
42 0.191945
42 0.0925277
42 0.0504709
42 0.0461225
42 0.0597737
42 0.109859
42 0.188865
42 0.3024
42 0.452139
42 0.616842
42 0.796409
42 0.91308
42 0.961778
42 0.935672
42 0.810544
42 0.644676
42 0.467928
42 0.317721
42 0.223165
42 0.198726
42 0.259568
42 0.44119
42 0.75695
42 1.20293
42 1.72857
42 2.22305
42 2.58882
42 2.70394
42 2.53742
42 2.17462
42 1.68931
42 1.19963
42 0.80969
42 0.549867
42 0.442028
42 0.470008
42 0.596662
42 0.756721
42 0.91028
42 1.00354
42 1.01927
42 0.912265
42 0.778075
42 0.650032
42 0.578306
42 0.582783
43 0
43 0
43 0
43 0
43 0
43 0
43 0
43 0
43 0
43 0
43 0
43 0
43 0
43 0
43 0
43 0
43 0
43 0
43 0
43 0
43 0
43 0
43 0
43 0
43 0
43 0
43 0
43 0
43 0
43 0
43 0
43 0
43 0
43 0
43 0
43 0
43 0
43 0
43 0
43 0.00265845
43 0.0513745
43 0.313282
43 1.04112
43 2.31439
43 3.65486
43 4.62779
43 4.80597
43 4.39768
43 3.56784
43 2.65267
43 1.8437
43 1.15558
43 0.690364
43 0.377171
43 0.192239
43 0.096922
43 0.0601821
43 0.0512068
43 0.0699167
43 0.119972
43 0.200943
43 0.3039
43 0.461836
43 0.619577
43 0.782424
43 0.902241
43 0.9483
43 0.914422
43 0.787165
43 0.634168
43 0.469597
43 0.328056
43 0.235646
43 0.214002
43 0.27959
43 0.465338
43 0.771331
43 1.22246
43 1.73807
43 2.22073
43 2.55611
43 2.65201
43 2.49147
43 2.15087
43 1.68156
43 1.21278
43 0.829852
43 0.570868
43 0.459171
43 0.489999
43 0.600634
43 0.767243
43 0.908328
43 1.00478
43 1.00476
43 0.908375
43 0.772777
43 0.661561
43 0.59453
43 0.59135
44 0
44 0
44 0
44 0
44 0
44 0
44 0
44 0
44 0
44 0
44 0
44 0
44 0
44 0
44 0
44 0
44 0
44 0
44 0
44 0
44 0
44 0
44 0
44 0
44 0
44 0
44 0
44 0
44 0
44 0
44 0
44 0
44 0
44 0
44 0
44 0
44 0
44 0
44 0
44 0.00433747
44 0.045718
44 0.282037
44 0.961589
44 2.18598
44 3.63485
44 4.64345
44 4.97787
44 4.5626
44 3.63485
44 2.69178
44 1.82842
44 1.12509
44 0.641454
44 0.33873
44 0.168977
44 0.0803017
44 0.0454785
44 0.0396514
44 0.0589444
44 0.106899
44 0.179053
44 0.290278
44 0.442554
44 0.6323
44 0.793916
44 0.928778
44 0.981599
44 0.944968
44 0.825061
44 0.646439
44 0.456024
44 0.306874
44 0.206801
44 0.18335
44 0.237856
44 0.405036
44 0.735033
44 1.18054
44 1.72882
44 2.25845
44 2.62992
44 2.76863
44 2.59927
44 2.18693
44 1.69277
44 1.18758
44 0.786347
44 0.515735
44 0.413304
44 0.439782
44 0.573672
44 0.760385
44 0.923892
44 1.02862
44 1.03158
44 0.934323
44 0.79628
44 0.651778
44 0.559349
44 0.554259
45 0
45 0
45 0
45 0
45 0
45 0
45 0
45 0
45 0
45 0
45 0
45 0
45 0
45 0
45 0
45 0
45 0
45 0
45 0
45 0
45 0
45 0
45 0
45 0
45 0
45 0
45 0
45 0
45 0
45 0
45 0
45 0
45 0
45 0
45 0
45 0
45 0
45 0
45 0
45 0.00538686
45 0.0471155
45 0.291797
45 1.01833
45 2.22175
45 3.62526
45 4.59262
45 4.91466
45 4.4941
45 3.68571
45 2.68648
45 1.82239
45 1.12048
45 0.655394
45 0.35101
45 0.179267
45 0.0915709
45 0.0473592
45 0.0404108
45 0.058147
45 0.101441
45 0.182215
45 0.301187
45 0.46041
45 0.627942
45 0.802208
45 0.921781
45 0.969973
45 0.928054
45 0.803821
45 0.642846
45 0.464963
45 0.312661
45 0.230641
45 0.189088
45 0.248653
45 0.435445
45 0.748202
45 1.20554
45 1.73819
45 2.23742
45 2.59455
45 2.70095
45 2.54245
45 2.19148
45 1.68661
45 1.20402
45 0.803052
45 0.541455
45 0.434418
45 0.461246
45 0.581082
45 0.755509
45 0.922566
45 1.01628
45 1.03203
45 0.918812
45 0.775309
45 0.64591
45 0.570498
45 0.570699
46 0
46 0
46 0
46 0
46 0
46 0
46 0
46 0
46 0
46 0
46 0
46 0
46 0
46 0
46 0
46 0
46 0
46 0
46 0
46 0
46 0
46 0
46 0
46 0
46 0
46 0
46 0
46 0
46 0
46 0
46 0
46 0
46 0
46 0
46 0
46 0
46 0
46 0
46 0.000220922
46 0.00314817
46 0.0470489
46 0.294586
46 1.00697
46 2.23952
46 3.61793
46 4.6386
46 4.85519
46 4.51616
46 3.66014
46 2.69855
46 1.82478
46 1.12068
46 0.657612
46 0.355205
46 0.176804
46 0.0867868
46 0.0493424
46 0.0421606
46 0.0583702
46 0.10249
46 0.184213
46 0.306209
46 0.45144
46 0.630784
46 0.78594
46 0.929872
46 0.973848
46 0.931336
46 0.806566
46 0.641445
46 0.475703
46 0.311807
46 0.213529
46 0.18731
46 0.252901
46 0.427345
46 0.736917
46 1.19773
46 1.71706
46 2.24052
46 2.61049
46 2.73518
46 2.56599
46 2.18243
46 1.69158
46 1.2093
46 0.784947
46 0.537206
46 0.433178
46 0.463017
46 0.578123
46 0.747934
46 0.914771
46 1.01706
46 1.029
46 0.931917
46 0.785331
46 0.652513
46 0.574762
46 0.572165
47 0
47 0
47 0
47 0
47 0
47 0
47 0
47 0
47 0
47 0
47 0
47 0
47 0
47 0
47 0
47 0
47 0
47 0
47 0
47 0
47 0
47 0
47 0
47 0
47 0
47 0
47 0
47 0
47 0
47 0
47 0
47 0
47 0
47 0
47 0
47 0
47 0
47 0
47 0.000147281
47 0.00335804
47 0.0413259
47 0.299022
47 1.01471
47 2.24736
47 3.62184
47 4.62167
47 4.88877
47 4.48902
47 3.65253
47 2.69053
47 1.83262
47 1.11636
47 0.649929
47 0.347234
47 0.183162
47 0.0904369
47 0.0518728
47 0.043052
47 0.0617831
47 0.107145
47 0.181827
47 0.291808
47 0.45837
47 0.624639
47 0.804989
47 0.932264
47 0.968442
47 0.93112
47 0.809218
47 0.635275
47 0.462459
47 0.319771
47 0.219842
47 0.194625
47 0.259942
47 0.437667
47 0.743259
47 1.19398
47 1.72354
47 2.23624
47 2.59501
47 2.71191
47 2.56683
47 2.17796
47 1.69508
47 1.20051
47 0.799696
47 0.544178
47 0.428203
47 0.458684
47 0.588532
47 0.754348
47 0.921111
47 1.01767
47 1.01735
47 0.925921
47 0.77436
47 0.651697
47 0.559349
47 0.571206
48 0
48 0
48 0
48 0
48 0
48 0
48 0
48 0
48 0
48 0
48 0
48 0
48 0
48 0
48 0
48 0
48 0
48 0
48 0
48 0
48 0
48 0
48 0
48 0
48 0
48 0
48 0
48 0
48 0
48 0
48 0
48 0
48 0
48 0
48 0
48 0
48 0
48 0
48 7.36405e-05
48 0.00419756
48 0.047182
48 0.316832
48 1.01114
48 2.26046
48 3.62261
48 4.59568
48 4.84601
48 4.46966
48 3.67494
48 2.74925
48 1.8036
48 1.12739
48 0.655632
48 0.349827
48 0.179855
48 0.0830304
48 0.0468463
48 0.0335436
48 0.0579556
48 0.0955829
48 0.180574
48 0.297436
48 0.467368
48 0.626209
48 0.806012
48 0.926336
48 0.980364
48 0.93723
48 0.820152
48 0.643614
48 0.466083
48 0.311529
48 0.212262
48 0.182562
48 0.249046
48 0.427173
48 0.748146
48 1.20554
48 1.73589
48 2.24246
48 2.58874
48 2.71219
48 2.56157
48 2.17702
48 1.69651
48 1.20017
48 0.800644
48 0.542581
48 0.435324
48 0.454105
48 0.582362
48 0.752549
48 0.918815
48 1.02527
48 1.023
48 0.915257
48 0.777138
48 0.642236
48 0.552126
48 0.567987
49 0
49 0
49 0
49 0
49 0
49 0
49 0
49 0
49 0
49 0
49 0
49 0
49 0
49 0
49 0
49 0
49 0
49 0
49 0
49 0
49 0
49 0
49 0
49 0
49 0
49 0
49 0
49 0
49 0
49 0
49 0
49 0
49 0
49 0
49 0
49 0
49 0
49 0
49 0
49 0.00405764
49 0.0489123
49 0.300163
49 1.0271
49 2.2529
49 3.62322
49 4.59984
49 4.88715
49 4.44664
49 3.64775
49 2.70314
49 1.83797
49 1.13583
49 0.668899
49 0.350247
49 0.179267
49 0.088665
49 0.0475985
49 0.0413352
49 0.0620383
49 0.104555
49 0.183706
49 0.29934
49 0.451412
49 0.640097
49 0.800266
49 0.91537
49 0.963728
49 0.928844
49 0.80859
49 0.643976
49 0.463008
49 0.315586
49 0.221483
49 0.193432
49 0.25294
49 0.436345
49 0.754842
49 1.19811
49 1.73215
49 2.23394
49 2.59002
49 2.70761
49 2.54973
49 2.18477
49 1.6965
49 1.19494
49 0.806261
49 0.550566
49 0.438418
49 0.469531
49 0.585294
49 0.767491
49 0.917998
49 0.998658
49 1.00633
49 0.905957
49 0.775028
49 0.656968
49 0.579566
49 0.583478
50 0
50 0
50 0
50 0
50 0
50 0
50 0
50 0
50 0
50 0
50 0
50 0
50 0
50 0
50 0
50 0
50 0
50 0
50 0
50 0
50 0
50 0
50 0
50 0
50 0
50 0
50 0
50 0
50 0
50 0
50 0
50 0
50 0
50 0
50 0
50 0
50 0
50 0
50 0
50 0.00314817
50 0.0495112
50 0.302064
50 1.02256
50 2.24488
50 3.66539
50 4.58782
50 4.90371
50 4.46875
50 3.59327
50 2.6704
50 1.81297
50 1.15402
50 0.672067
50 0.360162
50 0.184485
50 0.0977016
50 0.0542664
50 0.0501503
50 0.06644
50 0.10918
50 0.188179
50 0.303496
50 0.465748
50 0.625938
50 0.784995
50 0.912851
50 0.952348
50 0.90527
50 0.809823
50 0.643365
50 0.468872
50 0.321565
50 0.22653
50 0.201454
50 0.265783
50 0.448295
50 0.765847
50 1.21747
50 1.72797
50 2.23723
50 2.58434
50 2.68409
50 2.52739
50 2.13993
50 1.68176
50 1.19666
50 0.818516
50 0.559462
50 0.447477
50 0.476944
50 0.604673
50 0.757386
50 0.912283
50 1.00846
50 1.01111
50 0.912707
50 0.790243
50 0.663295
50 0.587037
50 0.584272
51 0
51 0
51 0
51 0
51 0
51 0
51 0
51 0
51 0
51 0
51 0
51 0
51 0
51 0
51 0
51 0
51 0
51 0
51 0
51 0
51 0
51 0
51 0
51 0
51 0
51 0
51 0
51 0
51 0
51 0
51 0
51 0
51 0
51 0
51 0
51 0
51 0
51 0
51 7.36405e-05
51 0.0037778
51 0.047182
51 0.300607
51 0.996035
51 2.21915
51 3.61875
51 4.62858
51 4.91658
51 4.49874
51 3.651
51 2.70336
51 1.81776
51 1.13599
51 0.657256
51 0.346509
51 0.179267
51 0.0857237
51 0.0422642
51 0.0413682
51 0.0653236
51 0.102243
51 0.182006
51 0.303612
51 0.442302
51 0.626751
51 0.795123
51 0.929847
51 0.969997
51 0.937781
51 0.811289
51 0.639637
51 0.471552
51 0.315522
51 0.216395
51 0.187027
51 0.254474
51 0.428149
51 0.744415
51 1.19257
51 1.71805
51 2.24381
51 2.6052
51 2.71203
51 2.5654
51 2.19095
51 1.6995
51 1.20756
51 0.802672
51 0.533713
51 0.428258
51 0.446078
51 0.577577
51 0.75487
51 0.917896
51 1.02527
51 1.03786
51 0.929847
51 0.777442
51 0.646944
51 0.563658
51 0.563245
52 0
52 0
52 0
52 0
52 0
52 0
52 0
52 0
52 0
52 0
52 0
52 0
52 0
52 0
52 0
52 0
52 0
52 0
52 0
52 0
52 0
52 0
52 0
52 0
52 0
52 0
52 0
52 0
52 0
52 0
52 0
52 0
52 0
52 0
52 0
52 0
52 0
52 0
52 0
52 0.00286833
52 0.0517738
52 0.292557
52 1.05399
52 2.27084
52 3.6424
52 4.62109
52 4.81592
52 4.46942
52 3.63239
52 2.66911
52 1.8009
52 1.14122
52 0.663632
52 0.369125
52 0.199075
52 0.0975953
52 0.0575833
52 0.0454952
52 0.067046
52 0.107793
52 0.184004
52 0.297724
52 0.457253
52 0.635765
52 0.811837
52 0.909925
52 0.958544
52 0.90999
52 0.803775
52 0.627682
52 0.468565
52 0.31486
52 0.228689
52 0.205879
52 0.269068
52 0.44525
52 0.758871
52 1.19778
52 1.73404
52 2.2307
52 2.58217
52 2.68712
52 2.53312
52 2.18898
52 1.68202
52 1.18695
52 0.819347
52 0.553289
52 0.44462
52 0.469531
52 0.59465
52 0.763019
52 0.913903
52 1.00579
52 1.01762
52 0.920236
52 0.781252
52 0.657152
52 0.574042
52 0.575076
53 0
53 0
53 0
53 0
53 0
53 0
53 0
53 0
53 0
53 0
53 0
53 0
53 0
53 0
53 0
53 0
53 0
53 0
53 0
53 0
53 0
53 0
53 0
53 0
53 0
53 0
53 0
53 0
53 0
53 0
53 0
53 0
53 0
53 0
53 0
53 0
53 0
53 0
53 0
53 0.00447739
53 0.0489788
53 0.291543
53 1.0103
53 2.26351
53 3.59566
53 4.60812
53 4.90618
53 4.49956
53 3.64367
53 2.6859
53 1.82838
53 1.12924
53 0.650285
53 0.362718
53 0.179891
53 0.0899053
53 0.0514625
53 0.0431181
53 0.0591676
53 0.110136
53 0.186718
53 0.300148
53 0.452418
53 0.621282
53 0.789272
53 0.929313
53 0.969997
53 0.922687
53 0.806101
53 0.646348
53 0.466874
53 0.319387
53 0.219656
53 0.196383
53 0.259647
53 0.440405
53 0.755942
53 1.19567
53 1.72559
53 2.22997
53 2.58958
53 2.70002
53 2.55676
53 2.16931
53 1.68635
53 1.1984
53 0.815306
53 0.550423
53 0.438962
53 0.462894
53 0.586173
53 0.763397
53 0.917628
53 1.01378
53 1.01312
53 0.913426
53 0.777536
53 0.659977
53 0.573592
53 0.581218
54 0
54 0
54 0
54 0
54 0
54 0
54 0
54 0
54 0
54 0
54 0
54 0
54 0
54 0
54 0
54 0
54 0
54 0
54 0
54 0
54 0
54 0
54 0
54 0
54 0
54 0
54 0
54 0
54 0
54 0
54 0
54 0
54 0
54 0
54 0
54 0
54 0
54 0
54 7.36405e-05
54 0.00286833
54 0.0475813
54 0.285015
54 1.01205
54 2.24534
54 3.65877
54 4.57838
54 4.9085
54 4.50972
54 3.62677
54 2.70867
54 1.80415
54 1.12611
54 0.651711
54 0.360315
54 0.17912
54 0.0969928
54 0.0486244
54 0.0443396
54 0.0587849
54 0.103815
54 0.18293
54 0.29605
54 0.461416
54 0.634818
54 0.79389
54 0.920331
54 0.960914
54 0.92815
54 0.808009
54 0.645558
54 0.470849
54 0.311721
54 0.218513
54 0.187674
54 0.254297
54 0.440558
54 0.75335
54 1.19522
54 1.73257
54 2.23058
54 2.6086
54 2.70329
54 2.5662
54 2.16862
54 1.67805
54 1.20906
54 0.815438
54 0.544178
54 0.435213
54 0.461573
54 0.579643
54 0.75783
54 0.916327
54 1.00775
54 1.02687
54 0.912324
54 0.780455
54 0.656027
54 0.574324
54 0.570556
55 0
55 0
55 0
55 0
55 0
55 0
55 0
55 0
55 0
55 0
55 0
55 0
55 0
55 0
55 0
55 0
55 0
55 0
55 0
55 0
55 0
55 0
55 0
55 0
55 0
55 0
55 0
55 0
55 0
55 0
55 0
55 0
55 0
55 0
55 0
55 0
55 0
55 0
55 0
55 0.00272841
55 0.0437881
55 0.295029
55 0.985641
55 2.23029
55 3.64499
55 4.59705
55 4.93693
55 4.48195
55 3.6929
55 2.68064
55 1.8199
55 1.13081
55 0.642444
55 0.354404
55 0.172982
55 0.0885587
55 0.0520096
55 0.043019
55 0.0588806
55 0.101071
55 0.1863
55 0.291173
55 0.453368
55 0.623746
55 0.793444
55 0.917456
55 0.971108
55 0.945064
55 0.825177
55 0.648947
55 0.456793
55 0.313857
55 0.212117
55 0.193715
55 0.253235
55 0.427383
55 0.745852
55 1.17883
55 1.71644
55 2.23287
55 2.60995
55 2.73942
55 2.56949
55 2.19537
55 1.69969
55 1.1943
55 0.803052
55 0.53129
55 0.420997
55 0.445288
55 0.583988
55 0.758442
55 0.921558
55 1.01815
55 1.02564
55 0.923587
55 0.785707
55 0.652065
55 0.565559
55 0.567634
56 0
56 0
56 0
56 0
56 0
56 0
56 0
56 0
56 0
56 0
56 0
56 0
56 0
56 0
56 0
56 0
56 0
56 0
56 0
56 0
56 0
56 0
56 0
56 0
56 0
56 0
56 0
56 0
56 0
56 0
56 0
56 0
56 0
56 0
56 0
56 0
56 0
56 0
56 0.000368203
56 0.00286833
56 0.0516407
56 0.307515
56 1.02927
56 2.28982
56 3.64339
56 4.58081
56 4.84702
56 4.43952
56 3.65592
56 2.67387
56 1.82842
56 1.13698
56 0.662285
56 0.358294
56 0.192313
56 0.0910039
56 0.0539245
56 0.047212
56 0.0597737
56 0.107145
56 0.189193
56 0.3039
56 0.46449
56 0.63563
56 0.801604
56 0.910154
56 0.951139
56 0.910133
56 0.805659
56 0.632382
56 0.468082
56 0.332454
56 0.227381
56 0.202626
56 0.265822
56 0.440367
56 0.762172
56 1.21487
56 1.72193
56 2.23227
56 2.5661
56 2.70414
56 2.53827
56 2.1523
56 1.68979
56 1.21023
56 0.810755
56 0.557979
56 0.444119
56 0.470185
56 0.600754
56 0.759342
56 0.908494
56 1.00199
56 1.00627
56 0.912672
56 0.77491
56 0.663571
56 0.590052
56 0.585738
57 0
57 0
57 0
57 0
57 0
57 0
57 0
57 0
57 0
57 0
57 0
57 0
57 0
57 0
57 0
57 0
57 0
57 0
57 0
57 0
57 0
57 0
57 0
57 0
57 0
57 0
57 0
57 0
57 0
57 0
57 0
57 0
57 0
57 0
57 0
57 0
57 0
57 0
57 0
57 0.00237861
57 0.0433888
57 0.273987
57 0.964611
57 2.22965
57 3.58744
57 4.65378
57 4.97398
57 4.52733
57 3.68835
57 2.71691
57 1.8045
57 1.11364
57 0.630286
57 0.337471
57 0.174158
57 0.0839872
57 0.0465043
57 0.0400806
57 0.0554996
57 0.099622
57 0.175385
57 0.285545
57 0.449792
57 0.636334
57 0.78943
57 0.945367
57 0.989251
57 0.939458
57 0.812964
57 0.650439
57 0.458967
57 0.312938
57 0.211473
57 0.176035
57 0.238721
57 0.409383
57 0.721659
57 1.18326
57 1.73096
57 2.24719
57 2.63626
57 2.75417
57 2.60271
57 2.19552
57 1.70021
57 1.18381
57 0.783094
57 0.52332
57 0.41407
57 0.446569
57 0.577284
57 0.756682
57 0.921469
57 1.0257
57 1.04027
57 0.934455
57 0.777161
57 0.643361
57 0.555186
57 0.553774
58 0
58 0
58 0
58 0
58 0
58 0
58 0
58 0
58 0
58 0
58 0
58 0
58 0
58 0
58 0
58 0
58 0
58 0
58 0
58 0
58 0
58 0
58 0
58 0
58 0
58 0
58 0
58 0
58 0
58 0
58 0
58 0
58 0
58 0
58 0
58 0
58 0
58 0
58 0
58 0.00321813
58 0.0447863
58 0.29186
58 0.994041
58 2.23853
58 3.61065
58 4.63823
58 4.91295
58 4.49061
58 3.66821
58 2.68791
58 1.83073
58 1.11829
58 0.644266
58 0.353794
58 0.182317
58 0.0870703
58 0.0492057
58 0.045231
58 0.0622616
58 0.106436
58 0.188328
58 0.298936
58 0.460746
58 0.626723
58 0.800948
58 0.922417
58 0.964789
58 0.910109
58 0.797563
58 0.641919
58 0.465051
58 0.323764
58 0.226322
58 0.197777
58 0.260217
58 0.433473
58 0.739454
58 1.19469
58 1.73119
58 2.23956
58 2.60008
58 2.71149
58 2.54962
58 2.18539
58 1.68202
58 1.19618
58 0.802687
58 0.545376
58 0.439171
58 0.464107
58 0.589146
58 0.756591
58 0.919963
58 1.01545
58 1.0217
58 0.915065
58 0.773832
58 0.663134
58 0.574616
58 0.583114
59 0
59 0
59 0
59 0
59 0
59 0
59 0
59 0
59 0
59 0
59 0
59 0
59 0
59 0
59 0
59 0
59 0
59 0
59 0
59 0
59 0
59 0
59 0
59 0
59 0
59 0
59 0
59 0
59 0
59 0
59 0
59 0
59 0
59 0
59 0
59 0
59 0
59 0
59 0.000220922
59 0.00391772
59 0.0450525
59 0.288501
59 0.988844
59 2.22036
59 3.63408
59 4.58735
59 4.93804
59 4.53822
59 3.65355
59 2.69218
59 1.81931
59 1.1206
59 0.66577
59 0.346243
59 0.171476
59 0.0882397
59 0.0467779
59 0.0417644
59 0.0588168
59 0.103723
59 0.178815
59 0.295329
59 0.45362
59 0.621986
59 0.807639
59 0.940482
59 0.976761
59 0.92791
59 0.793958
59 0.641264
59 0.465227
59 0.31486
59 0.219718
59 0.189007
59 0.244936
59 0.438222
59 0.744527
59 1.19219
59 1.72505
59 2.24676
59 2.58264
59 2.72685
59 2.5812
59 2.18466
59 1.69656
59 1.19845
59 0.794138
59 0.536337
59 0.424258
59 0.449526
59 0.583281
59 0.756734
59 0.928077
59 1.02028
59 1.02102
59 0.921181
59 0.794674
59 0.655556
59 0.564929
59 0.568703
60 0
60 0
60 0
60 0
60 0
60 0
60 0
60 0
60 0
60 0
60 0
60 0
60 0
60 0
60 0
60 0
60 0
60 0
60 0
60 0
60 0
60 0
60 0
60 0
60 0
60 0
60 0
60 0
60 0
60 0
60 0
60 0
60 0
60 0
60 0
60 0
60 0
60 0
60 0
60 0.00258849
60 0.0433888
60 0.292811
60 0.99114
60 2.25446
60 3.62283
60 4.59109
60 4.91138
60 4.52661
60 3.68111
60 2.67931
60 1.79701
60 1.12834
60 0.670127
60 0.357111
60 0.174526
60 0.0841644
60 0.0456495
60 0.0394864
60 0.0590401
60 0.104031
60 0.17789
60 0.300755
60 0.446662
60 0.636577
60 0.813647
60 0.925394
60 0.972145
60 0.924676
60 0.803589
60 0.633558
60 0.463536
60 0.311102
60 0.2252
60 0.189694
60 0.250246
60 0.430543
60 0.742942
60 1.1966
60 1.72345
60 2.24553
60 2.59068
60 2.71645
60 2.59236
60 2.19408
60 1.68227
60 1.20263
60 0.791205
60 0.529678
60 0.43269
60 0.458902
60 0.584454
60 0.757425
60 0.922821
60 1.01362
60 1.02808
60 0.914012
60 0.784019
60 0.652696
60 0.571635
60 0.577932
61 0
61 0
61 0
61 0
61 0
61 0
61 0
61 0
61 0
61 0
61 0
61 0
61 0
61 0
61 0
61 0
61 0
61 0
61 0
61 0
61 0
61 0
61 0
61 0
61 0
61 0
61 0
61 0
61 0
61 0
61 0
61 0
61 0
61 0
61 0
61 0
61 0
61 0
61 0.000147281
61 0.00398768
61 0.0493781
61 0.303649
61 1.01839
61 2.25463
61 3.62989
61 4.60844
61 4.89957
61 4.42491
61 3.65132
61 2.68256
61 1.82226
61 1.13126
61 0.66882
61 0.372557
61 0.180332
61 0.0903306
61 0.0513599
61 0.045099
61 0.0612728
61 0.105419
61 0.186598
61 0.297032
61 0.459265
61 0.631055
61 0.793995
61 0.920687
61 0.962642
61 0.928605
61 0.806799
61 0.63001
61 0.465468
61 0.327565
61 0.22518
61 0.198039
61 0.262322
61 0.448984
61 0.775061
61 1.21939
61 1.72552
61 2.22469
61 2.56866
61 2.66876
61 2.51905
61 2.1692
61 1.67364
61 1.21904
61 0.821244
61 0.567318
61 0.455756
61 0.478743
61 0.599048
61 0.756669
61 0.905024
61 1.00034
61 1.00657
61 0.899243
61 0.778169
61 0.658392
61 0.581164
61 0.592872
62 0
62 0
62 0
62 0
62 0
62 0
62 0
62 0
62 0
62 0
62 0
62 0
62 0
62 0
62 0
62 0
62 0
62 0
62 0
62 0
62 0
62 0
62 0
62 0
62 0
62 0
62 0
62 0
62 0
62 0
62 0
62 0
62 0
62 0
62 0
62 0
62 0
62 0
62 0.000294562
62 0.00265845
62 0.049977
62 0.290339
62 0.993255
62 2.20271
62 3.66528
62 4.61339
62 4.92582
62 4.48669
62 3.66334
62 2.71878
62 1.79987
62 1.11912
62 0.644147
62 0.346128
62 0.181325
62 0.0904369
62 0.0496502
62 0.0453301
62 0.0600926
62 0.105265
62 0.190833
62 0.294405
62 0.447221
62 0.628808
62 0.797642
62 0.923664
62 0.973873
62 0.930929
62 0.814685
62 0.638281
62 0.45978
62 0.316568
62 0.219178
62 0.192382
62 0.250108
62 0.435503
62 0.752846
62 1.2064
62 1.73495
62 2.24244
62 2.62021
62 2.71085
62 2.53013
62 2.16206
62 1.66774
62 1.19455
62 0.807457
62 0.553574
62 0.438084
62 0.464789
62 0.592931
62 0.76015
62 0.908137
62 1.0141
62 1.02707
62 0.919961
62 0.79356
62 0.659219
62 0.568484
62 0.572044
63 0
63 0
63 0
63 0
63 0
63 0
63 0
63 0
63 0
63 0
63 0
63 0
63 0
63 0
63 0
63 0
63 0
63 0
63 0
63 0
63 0
63 0
63 0
63 0
63 0
63 0
63 0
63 0
63 0
63 0
63 0
63 0
63 0
63 0
63 0
63 0
63 0
63 0
63 0.000294562
63 0.00146914
63 0.0486461
63 0.293001
63 1.00528
63 2.27245
63 3.62636
63 4.61735
63 4.88064
63 4.47581
63 3.65383
63 2.68746
63 1.82919
63 1.12632
63 0.662642
63 0.357073
63 0.179156
63 0.0883106
63 0.0443159
63 0.0362178
63 0.0582107
63 0.104062
63 0.171986
63 0.28846
63 0.44873
63 0.636334
63 0.804779
63 0.933104
63 0.987153
63 0.929156
63 0.823363
63 0.654303
63 0.460417
63 0.305636
63 0.215108
63 0.192402
63 0.25058
63 0.433952
63 0.753648
63 1.19337
63 1.73445
63 2.20975
63 2.60393
63 2.70082
63 2.57262
63 2.17329
63 1.70639
63 1.19773
63 0.7999
63 0.541541
63 0.432802
63 0.45649
63 0.587906
63 0.757908
63 0.920359
63 1.01605
63 1.01933
63 0.921253
63 0.774395
63 0.654178
63 0.565323
63 0.56394
64 0
64 0
64 0
64 0
64 0
64 0
64 0
64 0
64 0
64 0
64 0
64 0
64 0
64 0
64 0
64 0
64 0
64 0
64 0
64 0
64 0
64 0
64 0
64 0
64 0
64 0
64 0
64 0
64 0
64 0
64 0
64 0
64 0
64 0
64 0
64 0
64 0
64 0
64 0.000147281
64 0.00447739
64 0.0452522
64 0.290973
64 0.962193
64 2.18956
64 3.59114
64 4.64856
64 4.92925
64 4.55147
64 3.7317
64 2.7223
64 1.80929
64 1.12011
64 0.635989
64 0.342314
64 0.163795
64 0.0769706
64 0.0366905
64 0.036614
64 0.0512574
64 0.0989437
64 0.170375
64 0.279975
64 0.44736
64 0.632544
64 0.809239
64 0.952517
64 0.984906
64 0.948322
64 0.819733
64 0.640247
64 0.467181
64 0.308924
64 0.210559
64 0.176661
64 0.231405
64 0.413155
64 0.721398
64 1.17536
64 1.72542
64 2.23481
64 2.64183
64 2.76965
64 2.59161
64 2.22215
64 1.69734
64 1.20378
64 0.775726
64 0.515164
64 0.402907
64 0.428731
64 0.568181
64 0.760177
64 0.927809
64 1.03141
64 1.04032
64 0.931558
64 0.787148
64 0.639411
64 0.55064
64 0.546541
65 0
65 0
65 0
65 0
65 0
65 0
65 0
65 0
65 0
65 0
65 0
65 0
65 0
65 0
65 0
65 0
65 0
65 0
65 0
65 0
65 0
65 0
65 0
65 0
65 0
65 0
65 0
65 0
65 0
65 0
65 0
65 0
65 0
65 0
65 0
65 0
65 0
65 0
65 0
65 0.00433747
65 0.0484464
65 0.294079
65 1.00377
65 2.20121
65 3.60712
65 4.64956
65 4.91754
65 4.48606
65 3.68459
65 2.70158
65 1.83018
65 1.1141
65 0.645612
65 0.350361
65 0.176804
65 0.0812585
65 0.047325
65 0.0457263
65 0.0568392
65 0.104247
65 0.179978
65 0.292876
65 0.451999
65 0.617898
65 0.795884
65 0.938956
65 0.984808
65 0.934882
65 0.812754
65 0.64619
65 0.461932
65 0.318383
65 0.216914
65 0.185148
65 0.249636
65 0.426119
65 0.737831
65 1.20096
65 1.72069
65 2.23218
65 2.60457
65 2.73002
65 2.57296
65 2.19299
65 1.6902
65 1.19837
65 0.796107
65 0.535339
65 0.429067
65 0.448327
65 0.578417
65 0.760502
65 0.921953
65 1.01365
65 1.03277
65 0.926998
65 0.77974
65 0.645635
65 0.561959
65 0.567226
66 0
66 0
66 0
66 0
66 0
66 0
66 0
66 0
66 0
66 0
66 0
66 0
66 0
66 0
66 0
66 0
66 0
66 0
66 0
66 0
66 0
66 0
66 0
66 0
66 0
66 0
66 0
66 0
66 0
66 0
66 0
66 0
66 0
66 0
66 0
66 0
66 0
66 0
66 7.36405e-05
66 0.00251853
66 0.0439878
66 0.295093
66 1.00135
66 2.26415
66 3.66577
66 4.62357
66 4.89437
66 4.42815
66 3.64803
66 2.70011
66 1.82491
66 1.12208
66 0.6588
66 0.353107
66 0.18081
66 0.0942641
66 0.0523174
66 0.0419295
66 0.0571263
66 0.104617
66 0.180008
66 0.296252
66 0.455576
66 0.626209
66 0.802627
66 0.921781
66 0.958914
66 0.940009
66 0.814383
66 0.654032
66 0.469905
66 0.311956
66 0.213363
66 0.186704
66 0.256186
66 0.434928
66 0.749806
66 1.20329
66 1.72944
66 2.22721
66 2.59558
66 2.71241
66 2.56478
66 2.17147
66 1.68276
66 1.20786
66 0.802935
66 0.54117
66 0.432425
66 0.468563
66 0.596303
66 0.761311
66 0.923229
66 1.00409
66 1.01171
66 0.915807
66 0.770128
66 0.652501
66 0.567022
66 0.574238
67 0
67 0
67 0
67 0
67 0
67 0
67 0
67 0
67 0
67 0
67 0
67 0
67 0
67 0
67 0
67 0
67 0
67 0
67 0
67 0
67 0
67 0
67 0
67 0
67 0
67 0
67 0
67 0
67 0
67 0
67 0
67 0
67 0
67 0
67 0
67 0
67 0
67 0
67 0
67 0.00300825
67 0.0395291
67 0.292557
67 1.01713
67 2.22319
67 3.64703
67 4.61297
67 4.87998
67 4.48989
67 3.69272
67 2.70225
67 1.80676
67 1.13052
67 0.651474
67 0.354823
67 0.171476
67 0.0886296
67 0.0439739
67 0.0380667
67 0.0523737
67 0.10289
67 0.175177
67 0.292731
67 0.455073
67 0.632842
67 0.814671
67 0.93318
67 0.981204
67 0.932103
67 0.808241
67 0.638461
67 0.464085
67 0.312362
67 0.220528
67 0.185512
67 0.254888
67 0.43895
67 0.752641
67 1.20905
67 1.71833
67 2.20916
67 2.61177
67 2.70794
67 2.55711
67 2.19836
67 1.6747
67 1.19827
67 0.805182
67 0.54308
67 0.43885
67 0.464543
67 0.587986
67 0.747882
67 0.918305
67 1.00084
67 1.02965
67 0.917651
67 0.779974
67 0.657037
67 0.562488
67 0.570302
68 0
68 0
68 0
68 0
68 0
68 0
68 0
68 0
68 0
68 0
68 0
68 0
68 0
68 0
68 0
68 0
68 0
68 0
68 0
68 0
68 0
68 0
68 0
68 0
68 0
68 0
68 0
68 0
68 0
68 0
68 0
68 0
68 0
68 0
68 0
68 0
68 0
68 0
68 0.000294562
68 0.00251853
68 0.0477144
68 0.291987
68 0.989206
68 2.24171
68 3.61743
68 4.58877
68 4.9494
68 4.5074
68 3.68051
68 2.70042
68 1.79957
68 1.12784
68 0.653374
68 0.347615
68 0.1764
68 0.0827823
68 0.0463333
68 0.0389251
68 0.0571901
68 0.101996
68 0.180306
68 0.300408
68 0.448506
68 0.629864
68 0.791712
68 0.921781
68 0.982018
68 0.942716
68 0.827713
68 0.642574
68 0.46661
68 0.308177
68 0.209853
68 0.184158
68 0.244071
68 0.428303
68 0.746001
68 1.18303
68 1.72593
68 2.24638
68 2.5965
68 2.74248
68 2.5817
68 2.19148
68 1.69855
68 1.19177
68 0.789484
68 0.525701
68 0.416551
68 0.452865
68 0.584361
68 0.751063
68 0.919045
68 1.02716
68 1.04126
68 0.927824
68 0.783854
68 0.649493
68 0.560958
68 0.55126
69 0
69 0
69 0
69 0
69 0
69 0
69 0
69 0
69 0
69 0
69 0
69 0
69 0
69 0
69 0
69 0
69 0
69 0
69 0
69 0
69 0
69 0
69 0
69 0
69 0
69 0
69 0
69 0
69 0
69 0
69 0
69 0
69 0
69 0
69 0
69 0
69 0
69 0
69 7.36405e-05
69 0.00251853
69 0.0496443
69 0.297755
69 1.04088
69 2.23796
69 3.61523
69 4.59357
69 4.87438
69 4.51122
69 3.67722
69 2.67485
69 1.79251
69 1.11554
69 0.661374
69 0.368171
69 0.190181
69 0.0910748
69 0.0527961
69 0.0459574
69 0.0648452
69 0.10733
69 0.182185
69 0.308951
69 0.456526
69 0.633193
69 0.797695
69 0.918754
69 0.953509
69 0.923166
69 0.805147
69 0.628066
69 0.467928
69 0.320454
69 0.220528
69 0.195797
69 0.259568
69 0.437073
69 0.751149
69 1.1968
69 1.72974
69 2.24852
69 2.59925
69 2.70657
69 2.5459
69 2.1643
69 1.68095
69 1.20559
69 0.807122
69 0.550794
69 0.441122
69 0.468727
69 0.591171
69 0.765418
69 0.915511
69 1.00731
69 1.00729
69 0.927489
69 0.772929
69 0.658116
69 0.57636
69 0.584371
70 0
70 0
70 0
70 0
70 0
70 0
70 0
70 0
70 0
70 0
70 0
70 0
70 0
70 0
70 0
70 0
70 0
70 0
70 0
70 0
70 0
70 0
70 0
70 0
70 0
70 0
70 0
70 0
70 0
70 0
70 0
70 0
70 0
70 0
70 0
70 0
70 0
70 0
70 0
70 0.00517699
70 0.0458511
70 0.29598
70 1.00836
70 2.2255
70 3.63287
70 4.63248
70 4.89003
70 4.46275
70 3.68149
70 2.71548
70 1.82072
70 1.13233
70 0.64886
70 0.345098
70 0.179083
70 0.0867514
70 0.0460598
70 0.0360858
70 0.0532349
70 0.0949971
70 0.177652
70 0.304247
70 0.459321
70 0.638445
70 0.797275
70 0.93435
70 0.974194
70 0.938044
70 0.797726
70 0.644156
70 0.467533
70 0.311679
70 0.215045
70 0.191472
70 0.2506
70 0.432994
70 0.750459
70 1.18662
70 1.7155
70 2.24318
70 2.58785
70 2.72422
70 2.57594
70 2.18719
70 1.71281
70 1.20333
70 0.795888
70 0.530463
70 0.423994
70 0.451025
70 0.587879
70 0.75813
70 0.921073
70 1.01564
70 1.01917
70 0.919171
70 0.780115
70 0.654316
70 0.567753
70 0.561316
71 0
71 0
71 0
71 0
71 0
71 0
71 0
71 0
71 0
71 0
71 0
71 0
71 0
71 0
71 0
71 0
71 0
71 0
71 0
71 0
71 0
71 0
71 0
71 0
71 0
71 0
71 0
71 0
71 0
71 0
71 0
71 0
71 0
71 0
71 0
71 0
71 0
71 0
71 0.000147281
71 0.00335804
71 0.0445201
71 0.285079
71 0.994403
71 2.21984
71 3.66225
71 4.59647
71 4.94869
71 4.47837
71 3.66766
71 2.69067
71 1.81618
71 1.1229
71 0.658998
71 0.340865
71 0.183089
71 0.0873892
71 0.0477695
71 0.0435142
71 0.0578918
71 0.108039
71 0.180455
71 0.30061
71 0.455604
71 0.623556
71 0.810525
71 0.921705
71 0.968294
71 0.93112
71 0.80324
71 0.639456
71 0.463074
71 0.314241
71 0.21789
71 0.183996
71 0.248535
71 0.433052
71 0.753723
71 1.20002
71 1.72184
71 2.2656
71 2.59972
71 2.70575
71 2.56619
71 2.17534
71 1.69026
71 1.19788
71 0.80063
71 0.539644
71 0.426865
71 0.467582
71 0.589052
71 0.750241
71 0.920843
71 1.01263
71 1.02784
71 0.917363
71 0.787781
71 0.652042
71 0.572535
71 0.570953
72 0
72 0
72 0
72 0
72 0
72 0
72 0
72 0
72 0
72 0
72 0
72 0
72 0
72 0
72 0
72 0
72 0
72 0
72 0
72 0
72 0
72 0
72 0
72 0
72 0
72 0
72 0
72 0
72 0
72 0
72 0
72 0
72 0
72 0
72 0
72 0
72 0
72 0
72 0
72 0.00300825
72 0.0452522
72 0.29579
72 1.01568
72 2.22025
72 3.65017
72 4.66375
72 4.86231
72 4.46628
72 3.64733
72 2.7186
72 1.79927
72 1.12212
72 0.661097
72 0.360925
72 0.182354
72 0.0861135
72 0.0471882
72 0.0424577
72 0.0569987
72 0.100054
72 0.180395
72 0.296772
72 0.445292
72 0.62491
72 0.800843
72 0.929796
72 0.986363
72 0.938739
72 0.813662
72 0.649106
72 0.467357
72 0.308903
72 0.210373
72 0.186138
72 0.254927
72 0.436901
72 0.758535
72 1.21319
72 1.72963
72 2.23938
72 2.57863
72 2.69699
72 2.55081
72 2.17678
72 1.69165
72 1.19803
72 0.80117
72 0.543209
72 0.439436
72 0.470267
72 0.593304
72 0.766044
72 0.914362
72 1.00435
72 1.01181
72 0.914802
72 0.774125
72 0.645187
72 0.575224
72 0.572044
73 0
73 0
73 0
73 0
73 0
73 0
73 0
73 0
73 0
73 0
73 0
73 0
73 0
73 0
73 0
73 0
73 0
73 0
73 0
73 0
73 0
73 0
73 0
73 0
73 0
73 0
73 0
73 0
73 0
73 0
73 0
73 0
73 0
73 0
73 0
73 0
73 0
73 0
73 7.36405e-05
73 0.00314817
73 0.0413259
73 0.301874
73 1.01501
73 2.26051
73 3.6435
73 4.60628
73 4.90709
73 4.45762
73 3.63346
73 2.66781
73 1.80681
73 1.13188
73 0.662206
73 0.363785
73 0.188711
73 0.0985521
73 0.0561129
73 0.0499192
73 0.0691512
73 0.115131
73 0.191877
73 0.309499
73 0.460522
73 0.623854
73 0.782791
73 0.904404
73 0.947115
73 0.912122
73 0.804356
73 0.635637
73 0.477416
73 0.323978
73 0.230185
73 0.204465
73 0.265822
73 0.449597
73 0.774296
73 1.2004
73 1.72434
73 2.22115
73 2.58279
73 2.6798
73 2.52635
73 2.16795
73 1.69142
73 1.19673
73 0.813483
73 0.560532
73 0.458265
73 0.476386
73 0.60326
73 0.761976
73 0.909961
73 1.00498
73 1.00279
73 0.910745
73 0.774852
73 0.663031
73 0.591279
73 0.598407
74 0
74 0
74 0
74 0
74 0
74 0
74 0
74 0
74 0
74 0
74 0
74 0
74 0
74 0
74 0
74 0
74 0
74 0
74 0
74 0
74 0
74 0
74 0
74 0
74 0
74 0
74 0
74 0
74 0
74 0
74 0
74 0
74 0
74 0
74 0
74 0
74 0
74 0
74 0
74 0.00209878
74 0.048513
74 0.285522
74 0.966605
74 2.20254
74 3.65425
74 4.63733
74 4.93975
74 4.5118
74 3.65689
74 2.72212
74 1.7994
74 1.12718
74 0.648781
74 0.349942
74 0.171806
74 0.0849086
74 0.041341
74 0.0348312
74 0.0528841
74 0.0979262
74 0.179531
74 0.289614
74 0.458007
74 0.62962
74 0.814723
74 0.927506
74 0.991373
74 0.929539
74 0.815895
74 0.648857
74 0.458616
74 0.312042
74 0.208337
74 0.177348
74 0.24053
74 0.421619
74 0.728206
74 1.18644
74 1.73013
74 2.25678
74 2.613
74 2.7539
74 2.58826
74 2.18411
74 1.68704
74 1.19127
74 0.801739
74 0.530705
74 0.417889
74 0.448722
74 0.583015
74 0.762276
74 0.920116
74 1.02504
74 1.01545
74 0.915855
74 0.777829
74 0.643108
74 0.562893
74 0.571482
75 0
75 0
75 0
75 0
75 0
75 0
75 0
75 0
75 0
75 0
75 0
75 0
75 0
75 0
75 0
75 0
75 0
75 0
75 0
75 0
75 0
75 0
75 0
75 0
75 0
75 0
75 0
75 0
75 0
75 0
75 0
75 0
75 0
75 0
75 0
75 0
75 0
75 0
75 7.36405e-05
75 0.00356792
75 0.0485795
75 0.288755
75 0.987877
75 2.22504
75 3.64659
75 4.657
75 4.89124
75 4.52254
75 3.62858
75 2.67993
75 1.81687
75 1.1285
75 0.661216
75 0.351925
75 0.179597
75 0.0911456
75 0.04117
75 0.0397175
75 0.0566159
75 0.103199
75 0.179978
75 0.293915
75 0.455967
75 0.633193
75 0.798534
75 0.917405
75 0.971306
75 0.947939
75 0.813732
75 0.643591
75 0.465512
75 0.315159
75 0.219282
75 0.185289
75 0.240039
75 0.422328
75 0.744583
75 1.19471
75 1.7322
75 2.23396
75 2.6026
75 2.72836
75 2.57103
75 2.19925
75 1.6963
75 1.19943
75 0.796983
75 0.529721
75 0.430948
75 0.457116
75 0.58656
75 0.752562
75 0.912028
75 1.00827
75 1.02696
75 0.919985
75 0.785261
75 0.644027
75 0.571365
75 0.563058
76 0
76 0
76 0
76 0
76 0
76 0
76 0
76 0
76 0
76 0
76 0
76 0
76 0
76 0
76 0
76 0
76 0
76 0
76 0
76 0
76 0
76 0
76 0
76 0
76 0
76 0
76 0
76 0
76 0
76 0
76 0
76 0
76 0
76 0
76 0
76 0
76 0
76 0
76 0
76 0.00216874
76 0.0477144
76 0.297121
76 1.0213
76 2.23375
76 3.63628
76 4.57907
76 4.90477
76 4.50227
76 3.64761
76 2.69343
76 1.81169
76 1.13924
76 0.663751
76 0.348988
76 0.176216
76 0.0896927
76 0.0509838
76 0.0448018
76 0.0611133
76 0.110506
76 0.183527
76 0.30012
76 0.447193
76 0.620443
76 0.796225
76 0.921094
76 0.982561
76 0.93009
76 0.803821
76 0.646574
76 0.466259
76 0.312063
76 0.215232
76 0.196504
76 0.261791
76 0.43939
76 0.754357
76 1.19926
76 1.71796
76 2.23757
76 2.5792
76 2.70197
76 2.5671
76 2.17755
76 1.69087
76 1.20167
76 0.803387
76 0.548356
76 0.441903
76 0.465729
76 0.588106
76 0.751232
76 0.899882
76 1.01293
76 1.02909
76 0.922007
76 0.789469
76 0.661596
76 0.57393
76 0.570346
77 0
77 0
77 0
77 0
77 0
77 0
77 0
77 0
77 0
77 0
77 0
77 0
77 0
77 0
77 0
77 0
77 0
77 0
77 0
77 0
77 0
77 0
77 0
77 0
77 0
77 0
77 0
77 0
77 0
77 0
77 0
77 0
77 0
77 0
77 0
77 0
77 0
77 0
77 0.000441843
77 0.00293829
77 0.0466497
77 0.288565
77 0.990475
77 2.21367
77 3.61054
77 4.59573
77 4.92097
77 4.57184
77 3.68455
77 2.7255
77 1.81173
77 1.12163
77 0.628108
77 0.340598
77 0.16916
77 0.086397
77 0.040999
77 0.0361188
77 0.0527246
77 0.103661
77 0.174431
77 0.296599
77 0.439117
77 0.628673
77 0.805986
77 0.927633
77 0.991373
77 0.945663
77 0.82641
77 0.65532
77 0.465139
77 0.308753
77 0.201671
77 0.170963
77 0.235378
77 0.408885
77 0.735742
77 1.18902
77 1.71745
77 2.24406
77 2.61645
77 2.76595
77 2.62235
77 2.20131
77 1.69697
77 1.18481
77 0.77984
77 0.516333
77 0.41814
77 0.43737
77 0.573552
77 0.753762
77 0.920741
77 1.03097
77 1.0323
77 0.938105
77 0.780209
77 0.643372
77 0.553329
77 0.552451
78 0
78 0
78 0
78 0
78 0
78 0
78 0
78 0
78 0
78 0
78 0
78 0
78 0
78 0
78 0
78 0
78 0
78 0
78 0
78 0
78 0
78 0
78 0
78 0
78 0
78 0
78 0
78 0
78 0
78 0
78 0
78 0
78 0
78 0
78 0
78 0
78 0
78 0
78 7.36405e-05
78 0.00349796
78 0.0483133
78 0.313219
78 1.0297
78 2.26057
78 3.65761
78 4.5709
78 4.84858
78 4.45563
78 3.65596
78 2.6593
78 1.79902
78 1.15756
78 0.677929
78 0.382015
78 0.182795
78 0.0908621
78 0.0524541
78 0.0456272
78 0.0702038
78 0.113127
78 0.19307
78 0.306469
78 0.456638
78 0.633924
78 0.789167
78 0.902139
78 0.954743
78 0.904551
78 0.802798
78 0.633309
78 0.469861
78 0.33002
78 0.231389
78 0.206748
78 0.280848
78 0.454825
78 0.765735
78 1.20216
78 1.7175
78 2.20748
78 2.55416
78 2.67604
78 2.53796
78 2.18613
78 1.69569
78 1.21396
78 0.819289
78 0.552718
78 0.441791
78 0.480378
78 0.597689
78 0.762628
78 0.906669
78 1.00346
78 1.00501
78 0.914599
78 0.780631
78 0.665098
78 0.589715
78 0.593975
79 0
79 0
79 0
79 0
79 0
79 0
79 0
79 0
79 0
79 0
79 0
79 0
79 0
79 0
79 0
79 0
79 0
79 0
79 0
79 0
79 0
79 0
79 0
79 0
79 0
79 0
79 0
79 0
79 0
79 0
79 0
79 0
79 0
79 0
79 0
79 0
79 0
79 0
79 0.000441843
79 0.0041276
79 0.0487126
79 0.304599
79 1.02964
79 2.26565
79 3.60029
79 4.60928
79 4.86943
79 4.46783
79 3.63462
79 2.69869
79 1.8345
79 1.12743
79 0.660028
79 0.35959
79 0.185771
79 0.095788
79 0.0535142
79 0.0459574
79 0.066121
79 0.111986
79 0.195814
79 0.301476
79 0.460941
79 0.627996
79 0.791529
79 0.908118
79 0.943215
79 0.909654
79 0.813964
79 0.639365
79 0.470695
79 0.318853
79 0.224494
79 0.20398
79 0.268773
79 0.454748
79 0.77273
79 1.19924
79 1.71931
79 2.21536
79 2.57445
79 2.6849
79 2.54821
79 2.16291
79 1.68048
79 1.21015
79 0.818239
79 0.565992
79 0.450139
79 0.468087
79 0.594343
79 0.76032
79 0.906478
79 1.00651
79 1.01256
79 0.92105
79 0.776552
79 0.659735
79 0.58194
79 0.592243
80 0
80 0
80 0
80 0
80 0
80 0
80 0
80 0
80 0
80 0
80 0
80 0
80 0
80 0
80 0
80 0
80 0
80 0
80 0
80 0
80 0
80 0
80 0
80 0
80 0
80 0
80 0
80 0
80 0
80 0
80 0
80 0
80 0
80 0
80 0
80 0
80 0
80 0
80 0
80 0.003428
80 0.0453853
80 0.289198
80 1.01404
80 2.22613
80 3.61104
80 4.66079
80 4.91603
80 4.46957
80 3.65425
80 2.68372
80 1.83082
80 1.11401
80 0.662879
80 0.352916
80 0.179818
80 0.0897636
80 0.0491373
80 0.0398165
80 0.0589444
80 0.0949971
80 0.178755
80 0.291029
80 0.445432
80 0.625965
80 0.809607
80 0.933943
80 0.993718
80 0.941063
80 0.813196
80 0.629535
80 0.461317
80 0.306896
80 0.212719
80 0.187734
80 0.253904
80 0.433435
80 0.756819
80 1.19146
80 1.73144
80 2.24781
80 2.60163
80 2.71185
80 2.55029
80 2.17677
80 1.6974
80 1.20131
80 0.794357
80 0.540785
80 0.43276
80 0.464557
80 0.581988
80 0.76637
80 0.916595
80 1.01495
80 1.02032
80 0.911894
80 0.779271
80 0.650365
80 0.567134
80 0.56243
81 0
81 0
81 0
81 0
81 0
81 0
81 0
81 0
81 0
81 0
81 0
81 0
81 0
81 0
81 0
81 0
81 0
81 0
81 0
81 0
81 0
81 0
81 0
81 0
81 0
81 0
81 0
81 0
81 0
81 0
81 0
81 0
81 0
81 0
81 0
81 0
81 0
81 0
81 7.36405e-05
81 0.00286833
81 0.0488457
81 0.298769
81 1.02178
81 2.2435
81 3.63683
81 4.59647
81 4.89109
81 4.45293
81 3.6658
81 2.68942
81 1.81892
81 1.13192
81 0.666048
81 0.356539
81 0.184338
81 0.0905078
81 0.0530354
81 0.0447358
81 0.0611771
81 0.11177
81 0.185942
81 0.309932
81 0.450378
81 0.628294
81 0.787226
81 0.908882
81 0.96548
81 0.930521
81 0.802379
81 0.631908
81 0.464063
81 0.321437
81 0.228502
81 0.201232
81 0.267298
81 0.45268
81 0.753163
81 1.20425
81 1.71681
81 2.22282
81 2.56959
81 2.70421
81 2.54304
81 2.20059
81 1.6924
81 1.20061
81 0.799813
81 0.54894
81 0.442934
81 0.463126
81 0.584574
81 0.759746
81 0.914988
81 1.01377
81 1.01962
81 0.916837
81 0.783725
81 0.661756
81 0.581659
81 0.582563
82 0
82 0
82 0
82 0
82 0
82 0
82 0
82 0
82 0
82 0
82 0
82 0
82 0
82 0
82 0
82 0
82 0
82 0
82 0
82 0
82 0
82 0
82 0
82 0
82 0
82 0
82 0
82 0
82 0
82 0
82 0
82 0
82 0
82 0
82 0
82 0
82 0
82 0
82 0.000147281
82 0.00230866
82 0.0481803
82 0.285839
82 1.01006
82 2.22279
82 3.61831
82 4.64925
82 4.95535
82 4.4775
82 3.6329
82 2.69165
82 1.81665
82 1.13365
82 0.643078
82 0.347043
82 0.17618
82 0.0856528
82 0.0461966
82 0.0419625
82 0.0540642
82 0.098512
82 0.179262
82 0.298965
82 0.459432
82 0.632084
82 0.809266
82 0.92743
82 0.976958
82 0.940895
82 0.811475
82 0.641128
82 0.459802
82 0.314988
82 0.21517
82 0.186178
82 0.253294
82 0.440118
82 0.740293
82 1.1888
82 1.72368
82 2.23406
82 2.60067
82 2.73453
82 2.56449
82 2.18635
82 1.68814
82 1.19346
82 0.796924
82 0.534184
82 0.425847
82 0.459706
82 0.589919
82 0.765053
82 0.917552
82 1.01545
82 1.02458
82 0.928028
82 0.771101
82 0.645175
82 0.563354
82 0.568825
83 0
83 0
83 0
83 0
83 0
83 0
83 0
83 0
83 0
83 0
83 0
83 0
83 0
83 0
83 0
83 0
83 0
83 0
83 0
83 0
83 0
83 0
83 0
83 0
83 0
83 0
83 0
83 0
83 0
83 0
83 0
83 0
83 0
83 0
83 0
83 0
83 0
83 0
83 0.000220922
83 0.00251853
83 0.0461173
83 0.301494
83 0.992772
83 2.22936
83 3.58182
83 4.62004
83 4.91623
83 4.55002
83 3.68441
83 2.70149
83 1.80373
83 1.13731
83 0.63789
83 0.338615
83 0.174085
83 0.0849795
83 0.0434268
83 0.0396184
83 0.0582426
83 0.102397
83 0.17956
83 0.296281
83 0.446746
83 0.624639
83 0.79898
83 0.934783
83 0.987449
83 0.9379
83 0.822548
83 0.644767
83 0.466347
83 0.306682
83 0.207486
83 0.186583
83 0.248968
83 0.421007
83 0.724028
83 1.17717
83 1.72349
83 2.24911
83 2.6335
83 2.74493
83 2.56474
83 2.21686
83 1.69762
83 1.17787
83 0.78696
83 0.530391
83 0.420481
83 0.452156
83 0.583761
83 0.750176
83 0.925844
83 1.016
83 1.03062
83 0.920882
83 0.795037
83 0.652731
83 0.561284
83 0.551911
84 0
84 0
84 0
84 0
84 0
84 0
84 0
84 0
84 0
84 0
84 0
84 0
84 0
84 0
84 0
84 0
84 0
84 0
84 0
84 0
84 0
84 0
84 0
84 0
84 0
84 0
84 0
84 0
84 0
84 0
84 0
84 0
84 0
84 0
84 0
84 0
84 0
84 0
84 0
84 0.00349796
84 0.0421244
84 0.284382
84 0.998452
84 2.22273
84 3.64235
84 4.59446
84 4.92945
84 4.5358
84 3.66719
84 2.68452
84 1.81759
84 1.10249
84 0.653572
84 0.356845
84 0.178348
84 0.089232
84 0.049787
84 0.0350623
84 0.0574133
84 0.102243
84 0.188895
84 0.299889
84 0.458538
84 0.615245
84 0.80142
84 0.924427
84 0.968911
84 0.939841
84 0.812708
84 0.644608
84 0.467621
84 0.313622
84 0.212782
84 0.191291
84 0.253845
84 0.424683
84 0.736432
84 1.18775
84 1.72862
84 2.23826
84 2.61089
84 2.74371
84 2.55963
84 2.19895
84 1.68311
84 1.19881
84 0.790213
84 0.533542
84 0.425959
84 0.454364
84 0.580296
84 0.764609
84 0.915179
84 1.02246
84 1.02612
84 0.925586
84 0.782249
84 0.650653
84 0.557053
84 0.557964
85 0
85 0
85 0
85 0
85 0
85 0
85 0
85 0
85 0
85 0
85 0
85 0
85 0
85 0
85 0
85 0
85 0
85 0
85 0
85 0
85 0
85 0
85 0
85 0
85 0
85 0
85 0
85 0
85 0
85 0
85 0
85 0
85 0
85 0
85 0
85 0
85 0
85 0
85 0.000147281
85 0.00363788
85 0.0458511
85 0.288501
85 0.997304
85 2.24678
85 3.62168
85 4.63628
85 4.89185
85 4.53198
85 3.6193
85 2.67222
85 1.81597
85 1.14159
85 0.667513
85 0.355662
85 0.182207
85 0.0864324
85 0.0438714
85 0.0398495
85 0.0644624
85 0.108255
85 0.186867
85 0.296397
85 0.444147
85 0.63119
85 0.789062
85 0.927532
85 0.981426
85 0.924388
85 0.809474
85 0.639885
85 0.463931
85 0.319152
85 0.220258
85 0.193271
85 0.257071
85 0.436901
85 0.742326
85 1.19242
85 1.71447
85 2.22596
85 2.59379
85 2.72373
85 2.56393
85 2.19684
85 1.71209
85 1.20556
85 0.79354
85 0.536308
85 0.422224
85 0.450684
85 0.5866
85 0.75706
85 0.918011
85 1.01735
85 1.02719
85 0.917722
85 0.782307
85 0.6511
85 0.576214
85 0.572871
86 0
86 0
86 0
86 0
86 0
86 0
86 0
86 0
86 0
86 0
86 0
86 0
86 0
86 0
86 0
86 0
86 0
86 0
86 0
86 0
86 0
86 0
86 0
86 0
86 0
86 0
86 0
86 0
86 0
86 0
86 0
86 0
86 0
86 0
86 0
86 0
86 0
86 0
86 0.000147281
86 0.00349796
86 0.0417917
86 0.294776
86 1.03785
86 2.30678
86 3.64918
86 4.56378
86 4.84535
86 4.45481
86 3.64111
86 2.65841
86 1.82341
86 1.14159
86 0.66684
86 0.367218
86 0.195437
86 0.0958943
86 0.0556
86 0.0550366
86 0.0691512
86 0.11547
86 0.19131
86 0.310625
86 0.462814
86 0.621932
86 0.783106
86 0.89415
86 0.955533
86 0.898298
86 0.804263
86 0.638755
86 0.478382
86 0.326839
86 0.232905
86 0.212002
86 0.274496
86 0.460666
86 0.769782
86 1.2195
86 1.73082
86 2.20818
86 2.54425
86 2.66938
86 2.51815
86 2.1527
86 1.69075
86 1.20467
86 0.829852
86 0.571838
86 0.467867
86 0.480079
86 0.602274
86 0.761076
86 0.913342
86 0.992302
86 1.0045
86 0.908159
86 0.772906
86 0.655785
86 0.58868
86 0.597547
87 0
87 0
87 0
87 0
87 0
87 0
87 0
87 0
87 0
87 0
87 0
87 0
87 0
87 0
87 0
87 0
87 0
87 0
87 0
87 0
87 0
87 0
87 0
87 0
87 0
87 0
87 0
87 0
87 0
87 0
87 0
87 0
87 0
87 0
87 0
87 0
87 0
87 0
87 0
87 0.00237861
87 0.0484464
87 0.303712
87 1.00824
87 2.2777
87 3.62427
87 4.63427
87 4.88341
87 4.44296
87 3.61972
87 2.66153
87 1.83994
87 1.13183
87 0.665018
87 0.365463
87 0.190181
87 0.092953
87 0.0535142
87 0.0481694
87 0.06829
87 0.109396
87 0.190177
87 0.302053
87 0.448422
87 0.626399
87 0.787803
87 0.915115
87 0.959309
87 0.927119
87 0.79433
87 0.639026
87 0.47847
87 0.325429
87 0.231618
87 0.198585
87 0.265783
87 0.444944
87 0.759915
87 1.20507
87 1.72621
87 2.22329
87 2.57961
87 2.67933
87 2.53496
87 2.1613
87 1.69382
87 1.2129
87 0.815438
87 0.560817
87 0.45085
87 0.475105
87 0.590692
87 0.762145
87 0.900826
87 1.00627
87 1.00367
87 0.908052
87 0.782366
87 0.664501
87 0.587082
87 0.590832
88 0
88 0
88 0
88 0
88 0
88 0
88 0
88 0
88 0
88 0
88 0
88 0
88 0
88 0
88 0
88 0
88 0
88 0
88 0
88 0
88 0
88 0
88 0
88 0
88 0
88 0
88 0
88 0
88 0
88 0
88 0
88 0
88 0
88 0
88 0
88 0
88 0
88 0
88 0
88 0.00363788
88 0.0505094
88 0.284889
88 1.02897
88 2.26115
88 3.62934
88 4.6039
88 4.88225
88 4.45041
88 3.6665
88 2.68091
88 1.82243
88 1.15394
88 0.656899
88 0.354518
88 0.181582
88 0.0872475
88 0.0532406
88 0.043085
88 0.0629314
88 0.107145
88 0.18299
88 0.299023
88 0.451915
88 0.622744
88 0.794546
88 0.923766
88 0.968393
88 0.924005
88 0.816407
88 0.644292
88 0.462833
88 0.31597
88 0.222293
88 0.197312
88 0.252626
88 0.428877
88 0.750608
88 1.20393
88 1.72258
88 2.21888
88 2.60095
88 2.71019
88 2.57312
88 2.17943
88 1.68769
88 1.20456
88 0.802847
88 0.543465
88 0.436732
88 0.45882
88 0.591078
88 0.75899
88 0.920907
88 1.00987
88 1.01627
88 0.917088
88 0.779189
88 0.656486
88 0.570431
88 0.579211
89 0
89 0
89 0
89 0
89 0
89 0
89 0
89 0
89 0
89 0
89 0
89 0
89 0
89 0
89 0
89 0
89 0
89 0
89 0
89 0
89 0
89 0
89 0
89 0
89 0
89 0
89 0
89 0
89 0
89 0
89 0
89 0
89 0
89 0
89 0
89 0
89 0
89 0
89 7.36405e-05
89 0.00216874
89 0.0392629
89 0.291036
89 1.00867
89 2.21535
89 3.6176
89 4.64735
89 4.89558
89 4.5267
89 3.6542
89 2.71054
89 1.82196
89 1.12698
89 0.650127
89 0.34323
89 0.175334
89 0.080727
89 0.0453075
89 0.0346001
89 0.055372
89 0.0963846
89 0.173626
89 0.291519
89 0.446159
89 0.626859
89 0.805566
89 0.937124
89 1.00796
89 0.948442
89 0.808404
89 0.651546
89 0.466303
89 0.297266
89 0.205015
89 0.17945
89 0.240786
89 0.419532
89 0.74048
89 1.18441
89 1.73946
89 2.24935
89 2.61783
89 2.72644
89 2.56946
89 2.20667
89 1.69769
89 1.19491
89 0.786945
89 0.529992
89 0.423784
89 0.453532
89 0.572619
89 0.759616
89 0.914949
89 1.01943
89 1.03142
89 0.922259
89 0.783643
89 0.64792
89 0.553003
89 0.550455
90 0
90 0
90 0
90 0
90 0
90 0
90 0
90 0
90 0
90 0
90 0
90 0
90 0
90 0
90 0
90 0
90 0
90 0
90 0
90 0
90 0
90 0
90 0
90 0
90 0
90 0
90 0
90 0
90 0
90 0
90 0
90 0
90 0
90 0
90 0
90 0
90 0
90 0
90 0
90 0.00335804
90 0.0447198
90 0.293255
90 1.00715
90 2.23415
90 3.62008
90 4.62926
90 4.90951
90 4.48805
90 3.64501
90 2.74038
90 1.80437
90 1.12546
90 0.651672
90 0.349827
90 0.175151
90 0.0828887
90 0.0431533
90 0.0352604
90 0.0567754
90 0.0992829
90 0.181976
90 0.297205
90 0.465021
90 0.628158
90 0.794152
90 0.927633
90 0.978958
90 0.946094
90 0.813336
90 0.641625
90 0.464063
90 0.308924
90 0.216707
90 0.187936
90 0.249086
90 0.431041
90 0.754115
90 1.20658
90 1.72786
90 2.22697
90 2.60745
90 2.70953
90 2.56601
90 2.1674
90 1.69463
90 1.19582
90 0.803825
90 0.544178
90 0.437025
90 0.460101
90 0.585161
90 0.754335
90 0.910254
90 1.01533
90 1.02225
90 0.924676
90 0.770398
90 0.649631
90 0.564164
90 0.568461
91 0
91 0
91 0
91 0
91 0
91 0
91 0
91 0
91 0
91 0
91 0
91 0
91 0
91 0
91 0
91 0
91 0
91 0
91 0
91 0
91 0
91 0
91 0
91 0
91 0
91 0
91 0
91 0
91 0
91 0
91 0
91 0
91 0
91 0
91 0
91 0
91 0
91 0
91 0.000147281
91 0.00349796
91 0.0471155
91 0.292241
91 1.00238
91 2.22083
91 3.65183
91 4.61113
91 4.89553
91 4.52124
91 3.62947
91 2.68942
91 1.82752
91 1.14517
91 0.662364
91 0.360353
91 0.172137
91 0.0801245
91 0.0420249
91 0.0360858
91 0.0551487
91 0.101071
91 0.176876
91 0.29911
91 0.448897
91 0.634466
91 0.805723
91 0.91883
91 0.976341
91 0.93493
91 0.812778
91 0.647569
91 0.473924
91 0.316291
91 0.211369
91 0.187876
91 0.248476
91 0.434086
91 0.73867
91 1.19119
91 1.72774
91 2.24215
91 2.60282
91 2.72592
91 2.57507
91 2.18401
91 1.68242
91 1.20541
91 0.791147
91 0.536365
91 0.427826
91 0.45653
91 0.57747
91 0.759133
91 0.91981
91 1.02607
91 1.02086
91 0.917304
91 0.776329
91 0.655395
91 0.565953
91 0.564458
92 0
92 0
92 0
92 0
92 0
92 0
92 0
92 0
92 0
92 0
92 0
92 0
92 0
92 0
92 0
92 0
92 0
92 0
92 0
92 0
92 0
92 0
92 0
92 0
92 0
92 0
92 0
92 0
92 0
92 0
92 0
92 0
92 0
92 0
92 0
92 0
92 0
92 0
92 0.000368203
92 0.00244857
92 0.042923
92 0.301114
92 1.01223
92 2.2747
92 3.6085
92 4.60533
92 4.86135
92 4.47489
92 3.64367
92 2.70951
92 1.84071
92 1.13673
92 0.664305
92 0.355777
92 0.177062
92 0.0904723
92 0.0507786
92 0.0453631
92 0.063984
92 0.108934
92 0.199034
92 0.310076
92 0.472846
92 0.625586
92 0.783211
92 0.893845
92 0.939192
92 0.913104
92 0.803216
92 0.640699
92 0.473133
92 0.321437
92 0.226924
92 0.197817
92 0.264446
92 0.443622
92 0.76318
92 1.21125
92 1.74216
92 2.22875
92 2.57816
92 2.68158
92 2.53971
92 2.16842
92 1.68165
92 1.20372
92 0.820164
92 0.557523
92 0.444634
92 0.465974
92 0.590398
92 0.768717
92 0.908698
92 1.00398
92 1.02278
92 0.917603
92 0.784007
92 0.663376
92 0.598052
92 0.594846
93 0
93 0
93 0
93 0
93 0
93 0
93 0
93 0
93 0
93 0
93 0
93 0
93 0
93 0
93 0
93 0
93 0
93 0
93 0
93 0
93 0
93 0
93 0
93 0
93 0
93 0
93 0
93 0
93 0
93 0
93 0
93 0
93 0
93 0
93 0
93 0
93 0
93 0
93 7.36405e-05
93 0.00363788
93 0.0430561
93 0.28267
93 0.975307
93 2.21667
93 3.64455
93 4.60222
93 4.93561
93 4.54823
93 3.71021
93 2.67329
93 1.81301
93 1.11224
93 0.639315
93 0.337547
93 0.178164
93 0.0855819
93 0.0478037
93 0.0392222
93 0.0560418
93 0.101195
93 0.175833
93 0.294838
93 0.44451
93 0.618088
93 0.801368
93 0.938014
93 0.992879
93 0.953425
93 0.803379
93 0.651953
93 0.470014
93 0.314518
93 0.205098
93 0.178541
93 0.242084
93 0.41507
93 0.736861
93 1.19024
93 1.72768
93 2.22631
93 2.62418
93 2.75186
93 2.59302
93 2.19231
93 1.68968
93 1.18462
93 0.798456
93 0.526442
93 0.419422
93 0.449908
93 0.578217
93 0.755965
93 0.918573
93 1.02886
93 1.02806
93 0.917998
93 0.776774
93 0.655349
93 0.563455
93 0.558835
94 0
94 0
94 0
94 0
94 0
94 0
94 0
94 0
94 0
94 0
94 0
94 0
94 0
94 0
94 0
94 0
94 0
94 0
94 0
94 0
94 0
94 0
94 0
94 0
94 0
94 0
94 0
94 0
94 0
94 0
94 0
94 0
94 0
94 0
94 0
94 0
94 0
94 0
94 0
94 0.00433747
94 0.0487792
94 0.297121
94 1.02577
94 2.21292
94 3.65089
94 4.63638
94 4.87498
94 4.44272
94 3.64626
94 2.71272
94 1.83334
94 1.13607
94 0.669176
94 0.361726
94 0.174893
94 0.0788488
94 0.0419565
94 0.0366801
94 0.051066
94 0.0966004
94 0.175773
94 0.300581
94 0.454682
94 0.641206
94 0.809318
94 0.933816
94 0.982783
94 0.925945
94 0.812545
94 0.643569
94 0.459231
94 0.310803
94 0.215731
94 0.185148
94 0.242831
94 0.432018
94 0.744639
94 1.20483
94 1.74719
94 2.24571
94 2.60137
94 2.70735
94 2.55342
94 2.18467
94 1.68624
94 1.19434
94 0.810755
94 0.538076
94 0.429067
94 0.453028
94 0.58564
94 0.750567
94 0.914643
94 1.02121
94 1.0197
94 0.93412
94 0.779142
94 0.645772
94 0.566864
94 0.566454
95 0
95 0
95 0
95 0
95 0
95 0
95 0
95 0
95 0
95 0
95 0
95 0
95 0
95 0
95 0
95 0
95 0
95 0
95 0
95 0
95 0
95 0
95 0
95 0
95 0
95 0
95 0
95 0
95 0
95 0
95 0
95 0
95 0
95 0
95 0
95 0
95 0
95 0
95 0
95 0.00349796
95 0.0487126
95 0.288058
95 1.0138
95 2.2424
95 3.59775
95 4.62636
95 4.91042
95 4.47968
95 3.66167
95 2.69053
95 1.81768
95 1.14002
95 0.655077
95 0.351963
95 0.176363
95 0.0922442
95 0.053138
95 0.043019
95 0.0633142
95 0.10918
95 0.187284
95 0.308576
95 0.45348
95 0.628808
95 0.799059
95 0.913945
95 0.95573
95 0.92089
95 0.808451
95 0.631885
95 0.469421
95 0.314604
95 0.221047
95 0.196847
95 0.261102
95 0.436671
95 0.74988
95 1.19402
95 1.74524
95 2.22287
95 2.6121
95 2.6844
95 2.54919
95 2.1745
95 1.70696
95 1.20757
95 0.800426
95 0.547899
95 0.435115
95 0.462213
95 0.584361
95 0.759499
95 0.91162
95 1.01144
95 1.02677
95 0.920332
95 0.782096
95 0.659161
95 0.582559
95 0.583202
96 0
96 0
96 0
96 0
96 0
96 0
96 0
96 0
96 0
96 0
96 0
96 0
96 0
96 0
96 0
96 0
96 0
96 0
96 0
96 0
96 0
96 0
96 0
96 0
96 0
96 0
96 0
96 0
96 0
96 0
96 0
96 0
96 0
96 0
96 0
96 0
96 0
96 0
96 0
96 0.00391772
96 0.0457845
96 0.283241
96 0.987756
96 2.206
96 3.64196
96 4.61935
96 4.90144
96 4.52936
96 3.68993
96 2.73014
96 1.79902
96 1.13097
96 0.644068
96 0.332018
96 0.174452
96 0.0860072
96 0.0484876
96 0.0368121
96 0.0540642
96 0.098697
96 0.175803
96 0.287508
96 0.453788
96 0.626967
96 0.805933
96 0.927888
96 0.977205
96 0.94734
96 0.826968
96 0.652654
96 0.465249
96 0.31123
96 0.201443
96 0.181996
96 0.233627
96 0.425947
96 0.739864
96 1.19784
96 1.73151
96 2.24669
96 2.61557
96 2.7173
96 2.58168
96 2.18638
96 1.69476
96 1.20126
96 0.793452
96 0.533357
96 0.42522
96 0.447005
96 0.580402
96 0.753227
96 0.917309
96 1.01968
96 1.03649
96 0.931941
96 0.780607
96 0.646944
96 0.56152
96 0.553278
97 0
97 0
97 0
97 0
97 0
97 0
97 0
97 0
97 0
97 0
97 0
97 0
97 0
97 0
97 0
97 0
97 0
97 0
97 0
97 0
97 0
97 0
97 0
97 0
97 0
97 0
97 0
97 0
97 0
97 0
97 0
97 0
97 0
97 0
97 0
97 0
97 0
97 0
97 0
97 0.00426751
97 0.0455184
97 0.284445
97 0.999721
97 2.26207
97 3.60398
97 4.60517
97 4.89472
97 4.50097
97 3.69564
97 2.6888
97 1.81537
97 1.12513
97 0.659196
97 0.354213
97 0.17923
97 0.0870349
97 0.046265
97 0.0421276
97 0.0592314
97 0.108163
97 0.193726
97 0.300899
97 0.445656
97 0.6323
97 0.803178
97 0.920535
97 0.951534
97 0.928557
97 0.798866
97 0.634236
97 0.474341
97 0.325152
97 0.2214
97 0.193998
97 0.262027
97 0.431137
97 0.749377
97 1.19289
97 1.72563
97 2.23334
97 2.58507
97 2.71086
97 2.56202
97 2.18827
97 1.69508
97 1.21114
97 0.796749
97 0.538404
97 0.433276
97 0.464843
97 0.579696
97 0.764753
97 0.920588
97 1.01584
97 1.02469
97 0.919027
97 0.780174
97 0.653098
97 0.57213
97 0.578604
98 0
98 0
98 0
98 0
98 0
98 0
98 0
98 0
98 0
98 0
98 0
98 0
98 0
98 0
98 0
98 0
98 0
98 0
98 0
98 0
98 0
98 0
98 0
98 0
98 0
98 0
98 0
98 0
98 0
98 0
98 0
98 0
98 0
98 0
98 0
98 0
98 0
98 0
98 0
98 0.0041276
98 0.0452522
98 0.281783
98 0.987695
98 2.20819
98 3.60817
98 4.66327
98 4.89967
98 4.51819
98 3.69689
98 2.7051
98 1.81939
98 1.12434
98 0.639276
98 0.338158
98 0.177686
98 0.0815775
98 0.0479747
98 0.040906
98 0.06089
98 0.104401
98 0.182006
98 0.292385
98 0.453005
98 0.620795
98 0.807718
98 0.918321
98 0.966418
98 0.950023
98 0.82213
98 0.646122
98 0.457474
98 0.313664
98 0.215481
98 0.185471
98 0.247788
98 0.428858
98 0.73134
98 1.19669
98 1.72717
98 2.22667
98 2.60819
98 2.74429
98 2.57964
98 2.18809
98 1.68691
98 1.1915
98 0.795407
98 0.537263
98 0.424802
98 0.450085
98 0.583561
98 0.756943
98 0.922272
98 1.01957
98 1.0421
98 0.922749
98 0.777196
98 0.650297
98 0.564423
98 0.56738
99 0
99 0
99 0
99 0
99 0
99 0
99 0
99 0
99 0
99 0
99 0
99 0
99 0
99 0
99 0
99 0
99 0
99 0
99 0
99 0
99 0
99 0
99 0
99 0
99 0
99 0
99 0
99 0
99 0
99 0
99 0
99 0
99 0
99 0
99 0
99 0
99 0
99 0
99 0.000147281
99 0.00349796
99 0.0437881
99 0.279818
99 0.975911
99 2.19844
99 3.60767
99 4.63981
99 4.93284
99 4.5537
99 3.70562
99 2.70572
99 1.82247
99 1.12315
99 0.639672
99 0.341437
99 0.161921
99 0.0751278
99 0.0377848
99 0.0330814
99 0.0546384
99 0.0955829
99 0.173149
99 0.297666
99 0.445516
99 0.646675
99 0.803205
99 0.937734
99 0.97723
99 0.943962
99 0.837507
99 0.645196
99 0.457694
99 0.306405
99 0.203436
99 0.166922
99 0.228868
99 0.402106
99 0.730072
99 1.18301
99 1.72551
99 2.24467
99 2.62622
99 2.78123
99 2.61422
99 2.21473
99 1.69193
99 1.19755
99 0.776237
99 0.513111
99 0.411687
99 0.440232
99 0.566501
99 0.754388
99 0.921315
99 1.02939
99 1.03606
99 0.93491
99 0.776598
99 0.649217
99 0.557762
99 0.548879
100 0
100 0
100 0
100 0
100 0
100 0
100 0
100 0
100 0
100 0
100 0
100 0
100 0
100 0
100 0
100 0
100 0
100 0
100 0
100 0
100 0
100 0
100 0
100 0
100 0
100 0
100 0
100 0
100 0
100 0
100 0
100 0
100 0
100 0
100 0
100 0
100 0
100 0
100 7.36405e-05
100 0.0037778
100 0.0564321
100 0.297311
100 1.05508
100 2.31381
100 3.60806
100 4.59188
100 4.86504
100 4.40953
100 3.60172
100 2.67383
100 1.8226
100 1.13426
100 0.669255
100 0.367942
100 0.205469
100 0.107589
100 0.061755
100 0.0531877
100 0.0771571
100 0.119139
100 0.190386
100 0.310538
100 0.443448
100 0.612565
100 0.796514
100 0.896211
100 0.947905
100 0.921633
100 0.801588
100 0.640021
100 0.468697
100 0.322184
100 0.228004
100 0.212143
100 0.278606
100 0.463136
100 0.784965
100 1.20434
100 1.72545
100 2.20881
100 2.5739
100 2.67297
100 2.51387
100 2.13089
100 1.67929
100 1.20617
100 0.829501
100 0.566919
100 0.465164
100 0.481823
100 0.607605
100 0.759016
100 0.909897
100 1.01187
100 1.00867
100 0.908255
100 0.780772
100 0.659678
100 0.58194
100 0.591968
