0.3 0.00603991 0.00295285
0.305 0.00600793 0.00286289
0.31 0.00942071 0.00390906
0.315 0.0190799 0.00675813
0.32 0.0208183 0.00742387
0.325 0.0221657 0.00785981
0.33 0.0236427 0.0076234
0.335 0.0274257 0.00741557
0.34 0.029266 0.00740856
0.345 0.0334299 0.00788989
0.35 0.0308689 0.00684768
0.355 0.0393003 0.00673682
0.36 0.0393735 0.00628901
0.365 0.0444298 0.00800626
0.37 0.0463803 0.00661276
0.375 0.0495092 0.0067512
0.38 0.0559656 0.00666536
0.385 0.0666652 0.00754116
0.39 0.0731487 0.00941357
0.395 0.0916832 0.0104044
0.4 0.0980477 0.00883728
0.405 0.117709 0.0092765
0.41 0.132034 0.0108642
0.415 0.143325 0.01169
0.42 0.148434 0.0117616
0.425 0.161774 0.0112805
0.43 0.178997 0.0104978
0.435 0.188712 0.0110774
0.44 0.203844 0.00985694
0.445 0.211452 0.00932474
0.45 0.229209 0.0101446
0.455 0.235854 0.0098486
0.46 0.243528 0.00983065
0.465 0.259702 0.00966653
0.47 0.275854 0.00810319
0.475 0.285019 0.00727191
0.48 0.301883 0.00679536
0.485 0.307015 0.00700905
0.49 0.320249 0.00658041
0.495 0.330297 0.0066361
0.5 0.338739 0.00556462
0.505 0.346835 0.00516242
0.51 0.35316 0.00389017
0.515 0.361223 0.00412162
0.52 0.368565 0.00434693
0.525 0.376082 0.0043067
0.53 0.382617 0.00324905
0.535 0.386451 0.00343558
0.54 0.389629 0.00296696
0.545 0.393484 0.00286986
0.55 0.396607 0.00312143
0.555 0.397604 0.00304831
0.56 0.401607 0.00257073
0.565 0.404615 0.00270939
0.57 0.406317 0.00271586
0.575 0.407696 0.00271255
0.58 0.411903 0.00242974
0.585 0.414018 0.00244541
0.59 0.417209 0.0027758
0.595 0.419776 0.00296752
0.6 0.419648 0.00306812
0.605 0.420741 0.0028632
0.61 0.422217 0.00320687
0.615 0.424849 0.00301121
0.62 0.425182 0.00345547
0.625 0.42585 0.00341531
0.63 0.424639 0.00347315
0.635 0.425727 0.00334899
0.64 0.427263 0.00298003
0.645 0.42695 0.00241905
0.65 0.428133 0.00272854
0.655 0.428398 0.00293173
0.66 0.42918 0.00234043
0.665 0.430746 0.00255023
0.67 0.431717 0.00264536
0.675 0.432246 0.00262876
0.68 0.430713 0.00277133
0.685 0.430242 0.00253348
0.69 0.429019 0.00244195
0.695 0.427685 0.00268123
0.7 0.42716 0.00235546
0.705 0.429263 0.00233186
0.71 0.42885 0.00258306
0.715 0.428957 0.00234906
0.72 0.428396 0.00237707
0.725 0.429409 0.00250613
0.73 0.430383 0.00269
0.735 0.431947 0.00256517
0.74 0.433572 0.00230344
0.745 0.433267 0.00236364
0.75 0.434264 0.00208161
0.755 0.433769 0.00209025
0.76 0.435224 0.00210819
0.765 0.435823 0.00205215
0.77 0.435041 0.0018953
0.775 0.434384 0.00175893
0.78 0.435088 0.00175236
0.785 0.43596 0.00189103
0.79 0.43669 0.00151874
0.795 0.435991 0.00126588
0.8 0.435175 0.00131401
0.805 0.435646 0.00159573
0.81 0.436098 0.00153899
0.815 0.43622 0.00154366
0.82 0.435946 0.00170797
0.825 0.435674 0.0016525
0.83 0.435673 0.00178796
0.835 0.436071 0.00154166
0.84 0.436849 0.00157941
0.845 0.437312 0.00129426
0.85 0.438011 0.00125993
0.855 0.437892 0.00130435
0.86 0.437723 0.00122372
0.865 0.437172 0.00129777
0.87 0.437057 0.0010205
0.875 0.436207 0.00102233
0.88 0.435698 0.00104575
0.885 0.435125 0.00111865
0.89 0.434697 0.00130281
0.895 0.434518 0.00130402
0.9 0.434162 0.00133226
0.905 0.433636 0.00134777
0.91 0.432654 0.00119485
0.915 0.432188 0.00122111
0.92 0.431395 0.00122314
0.925 0.429836 0.00125129
0.93 0.428243 0.00121288
0.935 0.427627 0.00128918
0.94 0.42761 0.00130212
0.945 0.427544 0.00123211
0.95 0.427014 0.00120234
0.955 0.426302 0.00107563
0.96 0.425275 0.00114127
0.965 0.424846 0.00112758
0.97 0.424064 0.00106437
0.975 0.422894 0.00105988
0.98 0.42247 0.00103335
0.985 0.420933 0.000987051
0.99 0.41938 0.000988747
0.995 0.418576 0.00102134
1 0.417916 0.00104846
1.005 0.41741 0.00113055
1.01 0.416349 0.00115696
1.015 0.415072 0.00110269
1.02 0.413323 0.00103251
1.025 0.412156 0.00109306
1.03 0.411281 0.000974348
1.035 0.410579 0.000967331
1.04 0.409735 0.00101265
1.045 0.408687 0.000938254
1.05 0.40744 0.000853266
1.055 0.405836 0.000806657
1.06 0.40496 0.000880976
1.065 0.404089 0.000933682
1.07 0.402848 0.000864897
1.075 0.401348 0.000848967
1.08 0.400312 0.000896224
1.085 0.399389 0.000858314
1.09 0.398116 0.000819405
1.095 0.396934 0.000886722
1.1 0.395577 0.000818526
1.105 0.394588 0.00098811
1.11 0.393442 0.000901491
1.115 0.39178 0.000979923
1.12 0.39093 0.000974786
1.125 0.389713 0.00095175
1.13 0.38851 0.000881648
1.135 0.387175 0.000871827
1.14 0.386331 0.000873226
1.145 0.384973 0.000798842
1.15 0.383561 0.000818116
1.155 0.382377 0.000845458
1.16 0.380817 0.000820313
1.165 0.379608 0.000788264
1.17 0.378505 0.000753159
1.175 0.377299 0.000793777
1.18 0.376002 0.000825134
1.185 0.374637 0.000818427
1.19 0.373419 0.000830783
1.195 0.372045 0.000807327
1.2 0.370851 0.000764694
1.205 0.369589 0.000694939
1.21 0.368103 0.000670385
1.215 0.367207 0.000705119
1.22 0.365716 0.000671069
1.225 0.364396 0.000746956
1.23 0.363098 0.000704655
1.235 0.361742 0.000645946
1.24 0.360139 0.000608526
1.245 0.358738 0.000616985
1.25 0.357658 0.000622982
1.255 0.35647 0.000641685
1.26 0.354811 0.000639844
1.265 0.353348 0.000628717
1.27 0.352129 0.00054328
1.275 0.350947 0.000577128
1.28 0.349417 0.000532807
1.285 0.348125 0.000594666
1.29 0.346775 0.000574082
1.295 0.345135 0.000568811
1.3 0.343506 0.000582712
1.305 0.342181 0.000613627
1.31 0.340701 0.000663388
1.315 0.339522 0.000624789
1.32 0.338229 0.00067194
1.325 0.336659 0.000673207
1.33 0.335289 0.000631416
1.335 0.333906 0.000592451
1.34 0.33257 0.000632471
1.345 0.331189 0.000643595
1.35 0.329872 0.000634755
1.355 0.328518 0.000629149
1.36 0.3274 0.000608314
1.365 0.326246 0.000571297
1.37 0.324931 0.000515822
1.375 0.323764 0.000532363
1.38 0.322434 0.000545757
1.385 0.321081 0.000547475
1.39 0.319904 0.000554182
1.395 0.318579 0.000571681
1.4 0.317391 0.000552896
1.405 0.316175 0.000517449
1.41 0.315015 0.000531584
1.415 0.313864 0.000547368
1.42 0.312778 0.000505738
1.425 0.311527 0.000523017
1.43 0.310372 0.000502478
1.435 0.308926 0.000516609
1.44 0.307777 0.000507841
1.445 0.306414 0.000500955
1.45 0.305133 0.000484085
1.455 0.304016 0.000531852
1.46 0.303009 0.000518963
1.465 0.30175 0.000539335
1.47 0.300381 0.00053392
1.475 0.29929 0.000552509
1.48 0.2982 0.000556295
1.485 0.296874 0.00057108
1.49 0.295576 0.000542293
1.495 0.294429 0.000561823
1.5 0.293313 0.000587544
1.505 0.292196 0.000541537
1.51 0.290886 0.000560706
1.515 0.289637 0.000570486
1.52 0.288458 0.000565145
1.525 0.287276 0.000599631
1.53 0.286109 0.00060493
1.535 0.284953 0.000591233
1.54 0.283847 0.000607241
1.545 0.282679 0.000589847
1.55 0.281603 0.00055669
1.555 0.280377 0.000576662
1.56 0.279111 0.000582896
1.565 0.277868 0.000556279
1.57 0.276808 0.000551397
1.575 0.275664 0.000539846
1.58 0.274507 0.000542542
1.585 0.27325 0.000516315
1.59 0.272155 0.000497372
1.595 0.271109 0.00048866
1.6 0.270135 0.000468083
1.605 0.269009 0.000447959
1.61 0.267964 0.000425324
1.615 0.266944 0.000426109
1.62 0.26577 0.000404498
1.625 0.264586 0.000407714
1.63 0.263645 0.00043277
1.635 0.2626 0.000445963
1.64 0.261514 0.000451866
1.645 0.260523 0.000446168
1.65 0.259591 0.000433824
1.655 0.258584 0.000406839
1.66 0.257655 0.000400059
1.665 0.256555 0.000377464
1.67 0.255602 0.000360429
1.675 0.25458 0.000367571
1.68 0.25359 0.00037725
1.685 0.252623 0.000382618
1.69 0.251695 0.000368198
1.695 0.250589 0.000386299
1.7 0.249504 0.000377632
1.705 0.248557 0.000365042
1.71 0.247482 0.000371621
1.715 0.246482 0.000365135
1.72 0.245454 0.000358359
1.725 0.244468 0.000369137
1.73 0.243352 0.000404711
1.735 0.242386 0.000370474
1.74 0.241359 0.000387017
1.745 0.240391 0.000387802
1.75 0.239408 0.000398497
1.755 0.238554 0.000402879
1.76 0.237533 0.000397733
1.765 0.236474 0.000412143
1.77 0.235568 0.000407586
1.775 0.234604 0.000417653
1.78 0.233712 0.000424833
1.785 0.232676 0.000435701
1.79 0.231676 0.000431111
1.795 0.230763 0.000424958
1.8 0.229858 0.000415651
1.805 0.228905 0.000409573
1.81 0.228053 0.000420083
1.815 0.227076 0.000423701
1.82 0.22621 0.00041537
1.825 0.225342 0.000412874
1.83 0.224428 0.000429049
1.835 0.223403 0.000442939
1.84 0.222513 0.000433904
1.845 0.221587 0.000432979
1.85 0.22072 0.000455445
1.855 0.219929 0.000441094
1.86 0.21903 0.000432657
1.865 0.218152 0.000431258
1.87 0.217314 0.000448199
1.875 0.216525 0.000448947
1.88 0.215619 0.00045574
1.885 0.214703 0.000436813
1.89 0.21388 0.000433245
1.895 0.213062 0.000438133
1.9 0.212304 0.000428227
1.905 0.211433 0.000431395
1.91 0.210656 0.000432402
1.915 0.209867 0.000455501
1.92 0.209025 0.000456407
1.925 0.208074 0.000443184
1.93 0.207233 0.000441384
1.935 0.206427 0.000452291
1.94 0.205613 0.000454803
1.945 0.204811 0.000445657
1.95 0.203982 0.000444884
1.955 0.203205 0.000434218
1.96 0.202446 0.000437235
1.965 0.201701 0.000446345
1.97 0.20094 0.000449322
1.975 0.200234 0.000439237
1.98 0.199501 0.000447747
1.985 0.198776 0.000432695
1.99 0.197947 0.000426045
1.995 0.197207 0.000422586
2 0.196566 0.000426674
2.005 0.195838 0.00042343
2.01 0.195116 0.000430233
2.015 0.194413 0.000428132
2.02 0.193637 0.000421805
2.025 0.192864 0.00041179
2.03 0.192129 0.000402401
2.035 0.191367 0.000389952
2.04 0.19067 0.000385069
2.045 0.189905 0.000385155
2.05 0.189195 0.000370614
2.055 0.188503 0.000377679
2.06 0.187804 0.000370612
2.065 0.187046 0.000354367
2.07 0.186373 0.000370067
2.075 0.185671 0.000358697
2.08 0.184965 0.000350688
2.085 0.184252 0.000343854
2.09 0.183493 0.00034512
2.095 0.182796 0.000341636
2.1 0.182044 0.000349147
2.105 0.181368 0.00035124
2.11 0.180672 0.000356808
2.115 0.180064 0.00034349
2.12 0.179336 0.000355625
2.125 0.178656 0.000349299
2.13 0.177933 0.000341271
2.135 0.177232 0.000343971
2.14 0.176588 0.000344681
2.145 0.175934 0.000342084
2.15 0.175358 0.000341167
2.155 0.174659 0.000333868
2.16 0.173998 0.000329802
2.165 0.173361 0.000321191
2.17 0.17274 0.000318804
2.175 0.17213 0.000316598
2.18 0.171472 0.000330812
2.185 0.170794 0.000336357
2.19 0.170184 0.000330265
2.195 0.169571 0.000320457
2.2 0.169006 0.000314115
2.205 0.168376 0.000300353
2.21 0.167764 0.000309601
2.215 0.167113 0.000297169
2.22 0.166567 0.000287558
2.225 0.16596 0.000295921
2.23 0.165378 0.000290953
2.235 0.164777 0.000283779
2.24 0.164205 0.000287003
2.245 0.163576 0.000296429
2.25 0.162948 0.000287403
2.255 0.162376 0.000278071
2.26 0.161799 0.000282329
2.265 0.161183 0.000286061
2.27 0.160547 0.000277792
2.275 0.160008 0.000267036
2.28 0.159486 0.000262214
2.285 0.158953 0.000258451
2.29 0.158401 0.000250177
2.295 0.157849 0.000251322
2.3 0.15727 0.000248888
2.305 0.156714 0.000244833
2.31 0.156172 0.000236332
2.315 0.155557 0.000240769
2.32 0.155002 0.000229069
2.325 0.154452 0.00022591
2.33 0.15392 0.000227068
2.335 0.153346 0.000232782
2.34 0.152809 0.000230679
2.345 0.152278 0.000230987
2.35 0.151691 0.000231524
2.355 0.151179 0.000236292
2.36 0.150674 0.000230469
2.365 0.150142 0.000229892
2.37 0.149633 0.000225298
2.375 0.149107 0.000225138
2.38 0.1486 0.000223869
2.385 0.148105 0.000220135
2.39 0.147584 0.000219053
2.395 0.147103 0.000220942
2.4 0.146588 0.000225851
2.405 0.14606 0.000227231
2.41 0.145524 0.000231443
2.415 0.145015 0.000226126
2.42 0.14452 0.000214242
2.425 0.144018 0.000209999
2.43 0.143525 0.000203965
2.435 0.143044 0.000205571
2.44 0.142534 0.00020147
2.445 0.142063 0.000205263
2.45 0.141567 0.000203843
2.455 0.14108 0.000201393
2.46 0.140631 0.000205195
2.465 0.140155 0.000207816
2.47 0.139661 0.000205842
2.475 0.139188 0.00020406
2.48 0.138712 0.000202068
2.485 0.138206 0.000199522
2.49 0.137757 0.000200986
2.495 0.137244 0.000205076
2.5 0.136785 0.000208585
2.505 0.136297 0.000208538
2.51 0.13583 0.000210044
2.515 0.135362 0.000204689
2.52 0.13491 0.00021028
2.525 0.134507 0.000207039
2.53 0.134071 0.00020395
2.535 0.133649 0.000205512
2.54 0.133196 0.000199142
2.545 0.132777 0.000193977
2.55 0.132332 0.000192511
2.555 0.131877 0.000193277
2.56 0.131447 0.00018375
2.565 0.130991 0.000183726
2.57 0.13058 0.00017514
2.575 0.130182 0.000172265
2.58 0.129767 0.000165698
2.585 0.129297 0.000168738
2.59 0.128889 0.000165536
2.595 0.128465 0.000163761
2.6 0.128032 0.00016399
2.605 0.127627 0.000166395
2.61 0.127247 0.000170092
2.615 0.126814 0.00016452
2.62 0.12639 0.000171276
2.625 0.125991 0.000177216
2.63 0.125569 0.000177158
2.635 0.125141 0.000172731
2.64 0.124721 0.000175529
2.645 0.124328 0.000173951
2.65 0.12393 0.000182006
2.655 0.123566 0.000185391
2.66 0.123154 0.000177721
2.665 0.12276 0.000177594
2.67 0.122353 0.000174504
2.675 0.121914 0.00017852
2.68 0.121516 0.000182246
2.685 0.121141 0.000176758
2.69 0.120755 0.000178902
2.695 0.120388 0.000179191
2.7 0.120026 0.000182375
2.705 0.119652 0.000183291
2.71 0.119245 0.000186663
2.715 0.118861 0.000184357
2.72 0.118485 0.000178158
2.725 0.118101 0.000184073
2.73 0.117723 0.000181728
2.735 0.117341 0.000184286
2.74 0.116951 0.000175164
2.745 0.116616 0.000171096
2.75 0.116245 0.000174198
2.755 0.115866 0.000173334
2.76 0.115467 0.000172347
2.765 0.115129 0.000170405
2.77 0.11476 0.000170939
2.775 0.114399 0.000166473
2.78 0.114054 0.000163814
2.785 0.113704 0.000162018
2.79 0.11334 0.000160183
2.795 0.113008 0.000155287
2.8 0.112644 0.000150666
2.805 0.112283 0.000154166
2.81 0.111924 0.000149817
2.815 0.111542 0.000151254
2.82 0.111193 0.000146721
2.825 0.110837 0.000148664
2.83 0.110508 0.000147534
2.835 0.11017 0.000147371
2.84 0.109821 0.000149058
2.845 0.109484 0.000144658
2.85 0.109126 0.000144326
2.855 0.10879 0.00014641
2.86 0.108437 0.000149358
2.865 0.108097 0.000147851
2.87 0.107762 0.000148606
2.875 0.107435 0.000147987
2.88 0.107096 0.000152476
2.885 0.106764 0.000156825
2.89 0.106416 0.000160062
2.895 0.106097 0.000164095
2.9 0.105773 0.000163203
2.905 0.105452 0.000164556
2.91 0.105117 0.000163996
2.915 0.104803 0.000165801
2.92 0.104495 0.000166901
2.925 0.10418 0.000166011
2.93 0.103877 0.00016555
2.935 0.103559 0.000166877
2.94 0.103254 0.000169464
2.945 0.102943 0.000165146
2.95 0.102648 0.000163818
2.955 0.10231 0.000164732
2.96 0.101983 0.000162358
2.965 0.101694 0.000165087
2.97 0.101399 0.000159215
2.975 0.101082 0.000158563
2.98 0.100784 0.000156673
2.985 0.100478 0.000152063
2.99 0.100183 0.000150189
2.995 0.0998947 0.000144772
3 0.0995789 0.000143418
3.005 0.0992715 0.000140056
