0.3 -0.999875 5.61074e-05
0.305 -0.999871 5.6245e-05
0.31 -0.999783 8.85321e-05
0.315 -0.999529 0.000170674
0.32 -0.999466 0.000190706
0.325 -0.999411 0.000209723
0.33 -0.999352 0.000209793
0.335 -0.999224 0.000210649
0.34 -0.999146 0.000216608
0.345 -0.998991 0.000240347
0.35 -0.999045 0.000212719
0.355 -0.998745 0.000215584
0.36 -0.998714 0.000207981
0.365 -0.998496 0.000274343
0.37 -0.99839 0.000231075
0.375 -0.998229 0.000243389
0.38 -0.997938 0.000248607
0.385 -0.99747 0.000296886
0.39 -0.997122 0.000396418
0.395 -0.996238 0.000455688
0.4 -0.995874 0.000392479
0.405 -0.994889 0.000421974
0.41 -0.994051 0.0005177
0.415 -0.993352 0.000583456
0.42 -0.992961 0.000600786
0.425 -0.992089 0.000590247
0.43 -0.990933 0.00058833
0.435 -0.990165 0.000647873
0.44 -0.989059 0.000593359
0.445 -0.988327 0.000581161
0.45 -0.986928 0.00067795
0.455 -0.986153 0.000687784
0.46 -0.985193 0.000725327
0.465 -0.983626 0.000739375
0.47 -0.98208 0.000687729
0.475 -0.980983 0.000637256
0.48 -0.979065 0.000634644
0.485 -0.978114 0.000678178
0.49 -0.976172 0.000717353
0.495 -0.974471 0.000784659
0.5 -0.972972 0.000779587
0.505 -0.97136 0.000749762
0.51 -0.969929 0.000580329
0.515 -0.967781 0.000724282
0.52 -0.965823 0.000706541
0.525 -0.963879 0.000761654
0.53 -0.962156 0.000689372
0.535 -0.960356 0.000737446
0.54 -0.958803 0.000701816
0.545 -0.956964 0.000728215
0.55 -0.955031 0.000746145
0.555 -0.953498 0.00081089
0.56 -0.951554 0.000759029
0.565 -0.949856 0.000802651
0.57 -0.94751 0.000787927
0.575 -0.945531 0.000747287
0.58 -0.94328 0.0007297
0.585 -0.94112 0.000632326
0.59 -0.939346 0.000583354
0.595 -0.937585 0.000590635
0.6 -0.935087 0.00055718
0.605 -0.932991 0.00065392
0.61 -0.930888 0.000619174
0.615 -0.928702 0.000611811
0.62 -0.926859 0.000536421
0.625 -0.924695 0.000564579
0.63 -0.922136 0.000498018
0.635 -0.920188 0.000516788
0.64 -0.918037 0.000526897
0.645 -0.915815 0.000511009
0.65 -0.913661 0.000476256
0.655 -0.911494 0.000453734
0.66 -0.909123 0.000357409
0.665 -0.907213 0.000391295
0.67 -0.905082 0.000430023
0.675 -0.902866 0.000398998
0.68 -0.900708 0.000299416
0.685 -0.898571 0.000349508
0.69 -0.896204 0.000353385
0.695 -0.893792 0.000353736
0.7 -0.891558 0.000337868
0.705 -0.889456 0.000351783
0.71 -0.88741 0.000351506
0.715 -0.885163 0.000383528
0.72 -0.882878 0.000397764
0.725 -0.880599 0.000426879
0.73 -0.878406 0.000418951
0.735 -0.876319 0.000436937
0.74 -0.874347 0.000432082
0.745 -0.872179 0.000408175
0.75 -0.869967 0.000429907
0.755 -0.867484 0.000420623
0.76 -0.865441 0.000400198
0.765 -0.86318 0.000341451
0.77 -0.861079 0.00035873
0.775 -0.859061 0.000345629
0.78 -0.856849 0.000295094
0.785 -0.854588 0.000324859
0.79 -0.852413 0.000337777
0.795 -0.850184 0.000303974
0.8 -0.848125 0.000317939
0.805 -0.84591 0.000349686
0.81 -0.843831 0.000312189
0.815 -0.841583 0.000314656
0.82 -0.839345 0.000307805
0.825 -0.83704 0.000305043
0.83 -0.834883 0.000302162
0.835 -0.832682 0.000302315
0.84 -0.830502 0.000269896
0.845 -0.828191 0.00030675
0.85 -0.826035 0.000327102
0.855 -0.823747 0.000331049
0.86 -0.821612 0.000300601
0.865 -0.819528 0.000333421
0.87 -0.817496 0.000350249
0.875 -0.815376 0.000325677
0.88 -0.813154 0.000314638
0.885 -0.811032 0.000317183
0.89 -0.80889 0.000294545
0.895 -0.806745 0.000265005
0.9 -0.80457 0.000276423
0.905 -0.80239 0.00027578
0.91 -0.800329 0.00027883
0.915 -0.798028 0.0002634
0.92 -0.795852 0.000249552
0.925 -0.793521 0.000259718
0.93 -0.7913 0.000271013
0.935 -0.78923 0.000271844
0.94 -0.786999 0.000251195
0.945 -0.784867 0.000251218
0.95 -0.782729 0.000263359
0.955 -0.780586 0.00027453
0.96 -0.778489 0.000257257
0.965 -0.77633 0.000252693
0.97 -0.774294 0.000242101
0.975 -0.772166 0.00023415
0.98 -0.770048 0.000232298
0.985 -0.767988 0.000240336
0.99 -0.765875 0.000235336
0.995 -0.76381 0.000236171
1 -0.761684 0.000242303
1.005 -0.759747 0.000243733
1.01 -0.75771 0.000246335
1.015 -0.755541 0.000255194
1.02 -0.753465 0.000241172
1.025 -0.751412 0.000248998
1.03 -0.749406 0.000267632
1.035 -0.747454 0.000276133
1.04 -0.745389 0.00028177
1.045 -0.743393 0.000279292
1.05 -0.741332 0.000275417
1.055 -0.739253 0.000267276
1.06 -0.737173 0.00026167
1.065 -0.735206 0.000275335
1.07 -0.733237 0.000272098
1.075 -0.731291 0.000275862
1.08 -0.729264 0.000252254
1.085 -0.727263 0.000240805
1.09 -0.725246 0.00022881
1.095 -0.723236 0.000226093
1.1 -0.721204 0.000232878
1.105 -0.719199 0.000233453
1.11 -0.717217 0.000223915
1.115 -0.715221 0.000210932
1.12 -0.713264 0.000221099
1.125 -0.711253 0.000228656
1.13 -0.709288 0.000212697
1.135 -0.707348 0.000222987
1.14 -0.705399 0.000207572
1.145 -0.703445 0.000215884
1.15 -0.701489 0.000212365
1.155 -0.699586 0.000191828
1.16 -0.69766 0.000174796
1.165 -0.695828 0.000189332
1.17 -0.694 0.00018698
1.175 -0.692082 0.000176352
1.18 -0.690164 0.000187869
1.185 -0.688322 0.000205598
1.19 -0.686442 0.000218879
1.195 -0.684562 0.000205143
1.2 -0.682691 0.000203029
1.205 -0.680807 0.000221068
1.21 -0.678922 0.000229881
1.215 -0.677077 0.000235547
1.22 -0.675276 0.000244447
1.225 -0.673494 0.000267582
1.23 -0.671727 0.00026871
1.235 -0.669885 0.000274207
1.24 -0.668017 0.000284234
1.245 -0.66625 0.000292359
1.25 -0.664447 0.000281603
1.255 -0.662633 0.000289431
1.26 -0.660816 0.000283265
1.265 -0.658996 0.000290807
1.27 -0.657231 0.000283557
1.275 -0.65543 0.00028502
1.28 -0.65369 0.000283595
1.285 -0.651935 0.00028081
1.29 -0.650159 0.000283233
1.295 -0.648402 0.000270779
1.3 -0.6467 0.000267675
1.305 -0.644981 0.000265253
1.31 -0.643238 0.00025439
1.315 -0.641516 0.000245851
1.32 -0.639853 0.000261486
1.325 -0.638123 0.00025275
1.33 -0.636456 0.000256197
1.335 -0.634749 0.000250432
1.34 -0.633072 0.000260266
1.345 -0.631365 0.00026181
1.35 -0.629736 0.000257749
1.355 -0.628056 0.000255997
1.36 -0.626425 0.000253568
1.365 -0.624756 0.000238062
1.37 -0.623151 0.000223072
1.375 -0.621548 0.000212638
1.38 -0.619948 0.000211299
1.385 -0.618274 0.000227869
1.39 -0.616763 0.000234264
1.395 -0.615157 0.000251482
1.4 -0.613568 0.000253823
1.405 -0.611912 0.000237723
1.41 -0.610324 0.000235328
1.415 -0.608706 0.000228825
1.42 -0.607196 0.000219337
1.425 -0.605626 0.000223102
1.43 -0.604055 0.000236238
1.435 -0.602517 0.000240818
1.44 -0.600945 0.000239433
1.445 -0.599389 0.000242785
1.45 -0.597821 0.000242851
1.455 -0.596294 0.000248173
1.46 -0.594778 0.000243211
1.465 -0.593269 0.000247582
1.47 -0.591768 0.000251972
1.475 -0.590247 0.000254128
1.48 -0.588692 0.000254524
1.485 -0.587155 0.000249995
1.49 -0.58572 0.000243722
1.495 -0.584264 0.000254269
1.5 -0.582778 0.000261667
1.505 -0.581331 0.00025603
1.51 -0.579846 0.000245371
1.515 -0.578418 0.000238367
1.52 -0.576999 0.000238788
1.525 -0.57557 0.000236149
1.53 -0.574168 0.000237925
1.535 -0.572743 0.000240959
1.54 -0.571304 0.000240277
1.545 -0.569848 0.000234721
1.55 -0.568453 0.000240894
1.555 -0.567007 0.000238584
1.56 -0.565645 0.000234426
1.565 -0.564264 0.000238923
1.57 -0.562893 0.000241321
1.575 -0.561515 0.000245021
1.58 -0.560121 0.000244793
1.585 -0.558772 0.000243218
1.59 -0.557392 0.000236846
1.595 -0.556023 0.000231572
1.6 -0.554703 0.00022263
1.605 -0.553337 0.000219525
1.61 -0.55195 0.000213638
1.615 -0.550595 0.000205705
1.62 -0.549245 0.000209682
1.625 -0.547946 0.000197486
1.63 -0.546596 0.000199565
1.635 -0.545253 0.000199186
1.64 -0.543913 0.00019809
1.645 -0.542631 0.000202141
1.65 -0.541393 0.000200009
1.655 -0.54008 0.000196434
1.66 -0.538802 0.000193164
1.665 -0.537504 0.00018828
1.67 -0.536228 0.000182646
1.675 -0.534953 0.000188824
1.68 -0.533624 0.000193112
1.685 -0.532345 0.000197667
1.69 -0.531081 0.000197789
1.695 -0.529772 0.000188356
1.7 -0.528526 0.000196483
1.705 -0.52728 0.000187943
1.71 -0.526045 0.000188091
1.715 -0.524772 0.000174844
1.72 -0.523534 0.000181338
1.725 -0.52229 0.000182857
1.73 -0.521085 0.00017508
1.735 -0.519851 0.000178359
1.74 -0.518667 0.000179654
1.745 -0.517499 0.000174412
1.75 -0.516258 0.000165847
1.755 -0.515056 0.000171201
1.76 -0.513859 0.000170992
1.765 -0.512682 0.000172518
1.77 -0.51151 0.000172289
1.775 -0.510314 0.000171917
1.78 -0.509119 0.000171051
1.785 -0.507981 0.000162808
1.79 -0.50684 0.000159782
1.795 -0.505683 0.000152575
1.8 -0.504533 0.000158539
1.805 -0.503377 0.000151781
1.81 -0.502245 0.000150621
1.815 -0.501103 0.000140307
1.82 -0.499975 0.00014412
1.825 -0.498893 0.000146828
1.83 -0.497784 0.000155794
1.835 -0.496681 0.000156764
1.84 -0.495564 0.000156998
1.845 -0.494444 0.000156609
1.85 -0.493346 0.00015284
1.855 -0.492262 0.00014863
1.86 -0.49116 0.000148313
1.865 -0.490031 0.00014179
1.87 -0.488938 0.000148155
1.875 -0.487891 0.000151547
1.88 -0.486777 0.000143839
1.885 -0.485688 0.000140213
1.89 -0.48463 0.000142761
1.895 -0.483582 0.000142883
1.9 -0.482534 0.000141122
1.905 -0.481477 0.000138017
1.91 -0.480443 0.000140578
1.915 -0.479366 0.00013652
1.92 -0.478315 0.000130699
1.925 -0.477238 0.000132892
1.93 -0.476173 0.000140903
1.935 -0.475158 0.000144157
1.94 -0.474179 0.000144227
1.945 -0.473136 0.000148377
1.95 -0.472069 0.000147577
1.955 -0.471056 0.00014835
1.96 -0.470049 0.000148504
1.965 -0.469071 0.000145207
1.97 -0.468073 0.000148358
1.975 -0.467081 0.000149814
1.98 -0.466078 0.000150147
1.985 -0.465073 0.000151824
1.99 -0.464087 0.000146505
1.995 -0.463097 0.000144967
2 -0.462078 0.00014587
2.005 -0.461108 0.000146468
2.01 -0.460143 0.000147581
2.015 -0.459184 0.000146518
2.02 -0.458206 0.000147474
2.025 -0.457258 0.000141829
2.03 -0.456296 0.000145085
2.035 -0.455341 0.00014837
2.04 -0.454379 0.000142008
2.045 -0.453399 0.000139594
2.05 -0.452443 0.000138368
2.055 -0.451488 0.000141156
2.06 -0.450583 0.000138389
2.065 -0.44962 0.000140657
2.07 -0.4487 0.000136586
2.075 -0.447756 0.000130773
2.08 -0.446844 0.000136035
2.085 -0.445956 0.00013316
2.09 -0.445058 0.000136478
2.095 -0.44416 0.000141278
2.1 -0.443243 0.000136739
2.105 -0.442325 0.00013683
2.11 -0.441423 0.000135562
2.115 -0.440523 0.000138313
2.12 -0.439614 0.000139229
2.125 -0.438692 0.000132501
2.13 -0.437782 0.000135895
2.135 -0.436889 0.000137172
2.14 -0.435975 0.000136105
2.145 -0.43509 0.000135359
2.15 -0.434215 0.000134476
2.155 -0.433343 0.000132545
2.16 -0.432491 0.000130671
2.165 -0.431645 0.000129022
2.17 -0.43077 0.000125864
2.175 -0.429913 0.000123571
2.18 -0.42909 0.000127195
2.185 -0.428233 0.000128282
2.19 -0.427362 0.000126055
2.195 -0.426509 0.000129717
2.2 -0.425663 0.00013064
2.205 -0.424808 0.000133614
2.21 -0.423966 0.000132756
2.215 -0.423121 0.000134442
2.22 -0.422268 0.000134133
2.225 -0.421428 0.000133711
2.23 -0.420601 0.000137342
2.235 -0.419761 0.000138939
2.24 -0.418937 0.000144059
2.245 -0.418121 0.000144178
2.25 -0.417285 0.000138911
2.255 -0.416473 0.000136351
2.26 -0.41568 0.000134677
2.265 -0.414889 0.000129566
2.27 -0.414089 0.00012591
2.275 -0.413282 0.000127643
2.28 -0.412458 0.000130072
2.285 -0.411658 0.000134879
2.29 -0.410864 0.000135875
2.295 -0.410056 0.000142782
2.3 -0.409264 0.000144463
2.305 -0.408494 0.000146369
2.31 -0.407722 0.000149836
2.315 -0.406938 0.000149998
2.32 -0.406166 0.000149989
2.325 -0.405406 0.00015166
2.33 -0.404647 0.000150495
2.335 -0.403889 0.000152041
2.34 -0.403116 0.000151443
2.345 -0.402343 0.000149822
2.35 -0.401559 0.000150783
2.355 -0.400798 0.000147394
2.36 -0.400042 0.000150917
2.365 -0.39931 0.000146694
2.37 -0.398556 0.000142441
2.375 -0.397812 0.000146163
2.38 -0.397083 0.000140897
2.385 -0.396358 0.000138944
2.39 -0.395614 0.000133973
2.395 -0.394863 0.000130507
2.4 -0.394128 0.000129201
2.405 -0.393398 0.000129815
2.41 -0.392676 0.000127629
2.415 -0.39197 0.000127837
2.42 -0.391262 0.00012824
2.425 -0.390538 0.000128477
2.43 -0.389821 0.000127509
2.435 -0.38909 0.000128837
2.44 -0.388393 0.000132641
2.445 -0.387701 0.000132598
2.45 -0.386967 0.000133258
2.455 -0.386273 0.000134496
2.46 -0.385558 0.000133633
2.465 -0.384832 0.000140496
2.47 -0.384131 0.000142573
2.475 -0.383432 0.000143625
2.48 -0.382742 0.000149296
2.485 -0.382067 0.000150315
2.49 -0.38137 0.000153795
2.495 -0.380677 0.000151437
2.5 -0.380015 0.000149503
2.505 -0.379323 0.000148345
2.51 -0.378646 0.000149865
2.515 -0.377977 0.000152662
2.52 -0.377306 0.000151536
2.525 -0.376632 0.000149868
2.53 -0.375957 0.000147848
2.535 -0.375295 0.000149014
2.54 -0.374628 0.000147105
2.545 -0.373971 0.000146687
2.55 -0.37331 0.000143947
2.555 -0.372637 0.000143527
2.56 -0.371971 0.000143676
2.565 -0.371318 0.000147168
2.57 -0.370676 0.000146835
2.575 -0.370041 0.000151124
2.58 -0.369389 0.000149305
2.585 -0.368751 0.000146496
2.59 -0.368105 0.000145466
2.595 -0.367478 0.000144172
2.6 -0.366837 0.000146822
2.605 -0.366212 0.000149891
2.61 -0.365591 0.000146263
2.615 -0.36496 0.000148555
2.62 -0.364323 0.000149017
2.625 -0.363661 0.00015257
2.63 -0.363048 0.000149496
2.635 -0.362411 0.000154149
2.64 -0.361792 0.000151379
2.645 -0.361185 0.000147809
2.65 -0.360573 0.000150691
2.655 -0.359944 0.000152381
2.66 -0.359318 0.000145007
2.665 -0.358685 0.000144439
2.67 -0.358069 0.000150037
2.675 -0.357423 0.000151245
2.68 -0.356818 0.000151649
2.685 -0.356221 0.000153381
2.69 -0.355624 0.000153951
2.695 -0.355017 0.000156568
2.7 -0.354426 0.000155292
2.705 -0.35385 0.000154142
2.71 -0.353241 0.000158809
2.715 -0.352643 0.00015762
2.72 -0.352042 0.000159044
2.725 -0.351441 0.000159427
2.73 -0.350834 0.000159644
2.735 -0.350228 0.000160658
2.74 -0.349646 0.000158599
2.745 -0.349061 0.000158956
2.75 -0.348466 0.000159518
2.755 -0.347869 0.000161198
2.76 -0.347293 0.000156384
2.765 -0.346716 0.000155707
2.77 -0.346146 0.000157409
2.775 -0.345574 0.000157887
2.78 -0.344996 0.000155524
2.785 -0.344423 0.000150007
2.79 -0.343865 0.000147701
2.795 -0.343297 0.000148972
2.8 -0.342759 0.00014867
2.805 -0.34218 0.000143985
2.81 -0.341613 0.00014461
2.815 -0.341056 0.000142453
2.82 -0.340492 0.000143605
2.825 -0.339955 0.000140935
2.83 -0.339396 0.000141603
2.835 -0.338845 0.000141128
2.84 -0.33828 0.000144366
2.845 -0.337732 0.000145484
2.85 -0.337172 0.00014466
2.855 -0.336627 0.000142483
2.86 -0.336086 0.000145662
2.865 -0.335548 0.000149126
2.87 -0.33501 0.000151705
2.875 -0.334479 0.000152917
2.88 -0.333937 0.000152664
2.885 -0.333409 0.000155553
2.89 -0.332884 0.000157759
2.895 -0.332343 0.000156006
2.9 -0.331813 0.000155867
2.905 -0.331289 0.000157252
2.91 -0.33076 0.000156065
2.915 -0.330237 0.000156739
2.92 -0.329728 0.000149906
2.925 -0.329211 0.000146139
2.93 -0.328673 0.000147173
2.935 -0.328177 0.000150699
2.94 -0.32767 0.000157103
2.945 -0.327157 0.000153162
2.95 -0.326649 0.000152898
2.955 -0.326144 0.000150008
2.96 -0.325617 0.000147933
2.965 -0.325112 0.000147482
2.97 -0.324602 0.000150051
2.975 -0.324097 0.000147845
2.98 -0.323604 0.000145034
2.985 -0.323097 0.000143357
2.99 -0.322618 0.000144048
2.995 -0.322115 0.000143024
3 -0.321604 0.000145936
3.005 -0.321106 0.000146142
