0.3 166.511 0.0903421
0.305 163.779 0.0888352
0.31 160.998 0.145764
0.315 158.044 0.267691
0.32 155.481 0.295451
0.325 153.026 0.316363
0.33 150.639 0.310042
0.335 148.219 0.308413
0.34 145.956 0.305748
0.345 143.678 0.331904
0.35 141.724 0.288304
0.355 139.338 0.298083
0.36 137.399 0.282504
0.365 135.22 0.367008
0.37 133.321 0.305517
0.375 131.382 0.316965
0.38 129.336 0.322852
0.385 127.129 0.382494
0.39 125.136 0.499742
0.395 122.54 0.576795
0.4 120.656 0.482138
0.405 118.136 0.502254
0.41 115.751 0.618638
0.415 113.644 0.688006
0.42 111.988 0.697889
0.425 109.777 0.67868
0.43 107.296 0.680536
0.435 105.361 0.733904
0.44 103.074 0.663927
0.445 101.338 0.6328
0.45 98.9451 0.732526
0.455 97.2001 0.725625
0.46 95.2908 0.755529
0.465 92.8062 0.764742
0.47 90.5091 0.710122
0.475 88.7196 0.655931
0.48 86.126 0.634547
0.485 84.5639 0.685998
0.49 82.0949 0.73205
0.495 79.9712 0.787508
0.5 78.0345 0.765763
0.505 76.0425 0.727021
0.51 74.2903 0.57056
0.515 71.9063 0.688427
0.52 69.8032 0.676185
0.525 67.7436 0.725358
0.53 65.9932 0.664591
0.535 64.1756 0.707329
0.54 62.6411 0.640226
0.545 61.0148 0.669094
0.55 59.275 0.671876
0.555 57.901 0.711229
0.56 56.2504 0.692427
0.565 54.914 0.728008
0.57 52.9151 0.688693
0.575 51.4243 0.619857
0.58 49.8052 0.612214
0.585 48.1868 0.52777
0.59 47.0706 0.485142
0.595 45.9348 0.485041
0.6 44.2301 0.460661
0.605 42.9094 0.547541
0.61 41.7102 0.523247
0.615 40.4682 0.505602
0.62 39.4073 0.470917
0.625 38.2723 0.466756
0.63 36.8181 0.411764
0.635 35.8765 0.425551
0.64 34.899 0.412681
0.645 33.804 0.378273
0.65 32.9054 0.34644
0.655 31.9685 0.32127
0.66 30.9222 0.252468
0.665 30.1918 0.254649
0.67 29.3682 0.285495
0.675 28.4879 0.229489
0.68 27.6597 0.213831
0.685 26.8638 0.175154
0.69 25.9375 0.170319
0.695 25.1023 0.181569
0.7 24.3719 0.174898
0.705 23.757 0.160457
0.71 23.147 0.168001
0.715 22.471 0.191807
0.72 21.8069 0.201896
0.725 21.2528 0.220706
0.73 20.772 0.21968
0.735 20.2933 0.223924
0.74 19.8559 0.224453
0.745 19.4039 0.210144
0.75 18.979 0.192487
0.755 18.4408 0.196091
0.76 18.1088 0.201351
0.765 17.6345 0.166056
0.77 17.2213 0.15874
0.775 16.8971 0.150771
0.78 16.5673 0.127751
0.785 16.1496 0.1314
0.79 15.8177 0.124937
0.795 15.4146 0.11323
0.8 15.0674 0.122128
0.805 14.6986 0.119745
0.81 14.4158 0.118965
0.815 14.0624 0.110006
0.82 13.7478 0.111448
0.825 13.4542 0.113539
0.83 13.2156 0.107746
0.835 12.9206 0.0962644
0.84 12.6513 0.0997312
0.845 12.3582 0.0913095
0.85 12.1589 0.0831303
0.855 11.9158 0.0821926
0.86 11.7026 0.0727078
0.865 11.4622 0.0804396
0.87 11.3005 0.0885295
0.875 11.0966 0.0811265
0.88 10.9227 0.0806132
0.885 10.7416 0.08172
0.89 10.5732 0.0790061
0.895 10.3902 0.0778815
0.9 10.2238 0.0802564
0.905 10.0674 0.0771968
0.91 9.90884 0.0747301
0.915 9.71831 0.0723839
0.92 9.53944 0.0681335
0.925 9.33051 0.0651178
0.93 9.13596 0.0593881
0.935 9.00063 0.0613008
0.94 8.8607 0.0553049
0.945 8.7194 0.0546334
0.95 8.57401 0.0579932
0.955 8.43575 0.0562337
0.96 8.31224 0.0553147
0.965 8.18719 0.0532341
0.97 8.06748 0.0517847
0.975 7.93986 0.0516033
0.98 7.82175 0.0509214
0.985 7.70202 0.0510632
0.99 7.58417 0.0483629
0.995 7.47234 0.0437803
1 7.35236 0.0402254
1.005 7.27678 0.0412392
1.01 7.17213 0.0447297
1.015 7.05647 0.0457396
1.02 6.93646 0.045323
1.025 6.83545 0.0431332
1.03 6.75276 0.0408063
1.035 6.6733 0.0383731
1.04 6.56877 0.043325
1.045 6.48209 0.0438384
1.05 6.3933 0.0421482
1.055 6.29113 0.0407569
1.06 6.20667 0.0383485
1.065 6.12929 0.0389686
1.07 6.05818 0.0371499
1.075 5.97952 0.038117
1.08 5.8982 0.0365315
1.085 5.82664 0.0331897
1.09 5.74364 0.0332396
1.095 5.6819 0.0334268
1.1 5.60266 0.0330779
1.105 5.5279 0.033103
1.11 5.45572 0.0318122
1.115 5.38521 0.0270361
1.12 5.30754 0.0275421
1.125 5.23192 0.0288305
1.13 5.17231 0.0270919
1.135 5.11669 0.0267968
1.14 5.06501 0.0266506
1.145 4.99888 0.0251228
1.15 4.94956 0.0256875
1.155 4.89279 0.0252267
1.16 4.82624 0.0240009
1.165 4.77299 0.0259451
1.17 4.71794 0.0256023
1.175 4.66194 0.024863
1.18 4.60331 0.0251835
1.185 4.55034 0.0250816
1.19 4.4983 0.0251575
1.195 4.44809 0.0238596
1.2 4.4076 0.0227625
1.205 4.36139 0.0225053
1.21 4.31402 0.0220067
1.215 4.26951 0.0204234
1.22 4.22302 0.020513
1.225 4.18492 0.020076
1.23 4.14164 0.0214632
1.235 4.09707 0.0202069
1.24 4.04831 0.0205933
1.245 4.00842 0.0193451
1.25 3.9722 0.0179358
1.255 3.93149 0.0172122
1.26 3.8831 0.018024
1.265 3.83515 0.017245
1.27 3.79791 0.0177178
1.275 3.76355 0.0177832
1.28 3.72731 0.0171396
1.285 3.69159 0.0167167
1.29 3.65423 0.0172995
1.295 3.62198 0.0163555
1.3 3.58368 0.0160776
1.305 3.54854 0.0157691
1.31 3.51283 0.0152379
1.315 3.4776 0.0140122
1.32 3.44578 0.013668
1.325 3.4058 0.0137277
1.33 3.37734 0.0138774
1.335 3.3461 0.0149288
1.34 3.3131 0.0150419
1.345 3.28349 0.0149225
1.35 3.25594 0.0134651
1.355 3.22409 0.0135665
1.36 3.19489 0.0140566
1.365 3.16527 0.0136695
1.37 3.13889 0.0129676
1.375 3.11086 0.0123525
1.38 3.08479 0.0118045
1.385 3.05557 0.0113164
1.39 3.03005 0.010286
1.395 3.00004 0.00985537
1.4 2.97476 0.00972715
1.405 2.9465 0.0104595
1.41 2.9209 0.0104544
1.415 2.89693 0.0100688
1.42 2.87306 0.0104452
1.425 2.84976 0.0100984
1.43 2.82634 0.00965976
1.435 2.79864 0.00960614
1.44 2.77626 0.00965782
1.445 2.75245 0.0102999
1.45 2.73071 0.0103003
1.455 2.70771 0.0104399
1.46 2.6869 0.0107498
1.465 2.66531 0.0109355
1.47 2.64379 0.0111084
1.475 2.62312 0.0106108
1.48 2.60028 0.0101362
1.485 2.57855 0.0103479
1.49 2.56033 0.00977915
1.495 2.54205 0.0104823
1.5 2.52176 0.0101061
1.505 2.50471 0.00997352
1.51 2.48395 0.00926876
1.515 2.46547 0.00910432
1.52 2.4496 0.00852672
1.525 2.43144 0.00811349
1.53 2.41518 0.00817315
1.535 2.39832 0.00824182
1.54 2.38216 0.00825077
1.545 2.36438 0.00814207
1.55 2.34767 0.00794778
1.555 2.32984 0.00750263
1.56 2.31215 0.00752757
1.565 2.29355 0.00752228
1.57 2.27738 0.00748523
1.575 2.2607 0.00743222
1.58 2.24495 0.00734933
1.585 2.22971 0.00734134
1.59 2.21487 0.00689441
1.595 2.19856 0.00674625
1.6 2.18446 0.00675512
1.605 2.16979 0.0071157
1.61 2.15506 0.00657155
1.615 2.13896 0.00646785
1.62 2.1234 0.00679467
1.625 2.10957 0.00676295
1.63 2.09542 0.00655756
1.635 2.08044 0.00641409
1.64 2.06686 0.00615345
1.645 2.05233 0.0061876
1.65 2.03899 0.00587456
1.655 2.02286 0.00608501
1.66 2.01015 0.00600934
1.665 1.99785 0.00625207
1.67 1.98523 0.00613226
1.675 1.9713 0.00625024
1.68 1.95704 0.00654486
1.685 1.94484 0.00665633
1.69 1.93135 0.00659965
1.695 1.91726 0.00661142
1.7 1.9055 0.00661896
1.705 1.89327 0.00626869
1.71 1.88165 0.00628612
1.715 1.87034 0.00610849
1.72 1.85869 0.00609047
1.725 1.84573 0.0061287
1.73 1.83421 0.00592
1.735 1.82274 0.00567283
1.74 1.8124 0.00570304
1.745 1.80128 0.00555434
1.75 1.78977 0.00525218
1.755 1.77979 0.0051189
1.76 1.76867 0.00533626
1.765 1.75791 0.00544651
1.77 1.74819 0.00558733
1.775 1.73759 0.005605
1.78 1.72704 0.00565829
1.785 1.71636 0.00539189
1.79 1.70686 0.00543886
1.795 1.69667 0.00525035
1.8 1.68664 0.00484257
1.805 1.67671 0.00478048
1.81 1.66743 0.00476627
1.815 1.65788 0.00486926
1.82 1.64832 0.00460714
1.825 1.63955 0.00453875
1.83 1.63072 0.00433782
1.835 1.62137 0.00424094
1.84 1.61197 0.00412125
1.845 1.60286 0.00399964
1.85 1.59494 0.00392674
1.855 1.58538 0.00390706
1.86 1.57652 0.00362905
1.865 1.56764 0.00390913
1.87 1.5584 0.00405275
1.875 1.55047 0.00391451
1.88 1.54221 0.00383905
1.885 1.53419 0.00358759
1.89 1.5263 0.00361474
1.895 1.51773 0.00373305
1.9 1.51003 0.0038239
1.905 1.50253 0.00360796
1.91 1.49453 0.00364048
1.915 1.48669 0.00364049
1.92 1.4786 0.00353774
1.925 1.47084 0.00363375
1.93 1.46297 0.00369194
1.935 1.45584 0.00381862
1.94 1.44902 0.00390417
1.945 1.44127 0.00391504
1.95 1.43361 0.0038812
1.955 1.4263 0.00389351
1.96 1.41919 0.00381917
1.965 1.41242 0.00375018
1.97 1.40475 0.00365506
1.975 1.39867 0.00363591
1.98 1.3912 0.00358943
1.985 1.38387 0.00362332
1.99 1.3765 0.0037178
1.995 1.36983 0.00381966
2 1.3627 0.00380145
2.005 1.35574 0.00368869
2.01 1.34915 0.0036398
2.015 1.34234 0.00374594
2.02 1.33616 0.00375387
2.025 1.33011 0.0036906
2.03 1.32339 0.00374137
2.035 1.31732 0.0036879
2.04 1.3113 0.00365623
2.045 1.30499 0.00362449
2.05 1.29822 0.00348192
2.055 1.29227 0.00346784
2.06 1.28599 0.003336
2.065 1.27969 0.00323831
2.07 1.27378 0.00321881
2.075 1.26783 0.00308158
2.08 1.26239 0.00289675
2.085 1.25623 0.00294606
2.09 1.2498 0.00305508
2.095 1.24343 0.00313536
2.1 1.23745 0.00305352
2.105 1.23188 0.00298056
2.11 1.22656 0.00300358
2.115 1.22068 0.00307831
2.12 1.21412 0.00306155
2.125 1.20833 0.00310903
2.13 1.20294 0.00310172
2.135 1.19776 0.00313628
2.14 1.19247 0.00310743
2.145 1.18721 0.00299952
2.15 1.18184 0.00301398
2.155 1.1767 0.00288804
2.16 1.17158 0.00296029
2.165 1.1664 0.00302142
2.17 1.16112 0.00313479
2.175 1.15591 0.00311362
2.18 1.15117 0.00302064
2.185 1.14604 0.00289998
2.19 1.14065 0.0029748
2.195 1.13599 0.0030284
2.2 1.13073 0.00305281
2.205 1.12583 0.00305477
2.21 1.12072 0.00299334
2.215 1.11593 0.00294387
2.22 1.11139 0.0029128
2.225 1.1064 0.0028944
2.23 1.10181 0.00288312
2.235 1.09714 0.0029108
2.24 1.09241 0.00284026
2.245 1.08771 0.00277994
2.25 1.08324 0.00275847
2.255 1.07887 0.00265474
2.26 1.07405 0.00264089
2.265 1.06959 0.00249588
2.27 1.06548 0.00244359
2.275 1.06118 0.0024554
2.28 1.05712 0.00241199
2.285 1.05275 0.00239011
2.29 1.04839 0.00232566
2.295 1.04382 0.00245095
2.3 1.03963 0.0024794
2.305 1.03529 0.00243339
2.31 1.03093 0.00247529
2.315 1.02698 0.00251672
2.32 1.02292 0.00253322
2.325 1.01864 0.00245905
2.33 1.01498 0.00242968
2.335 1.01088 0.00240082
2.34 1.00663 0.00235905
2.345 1.00284 0.00233624
2.35 0.998892 0.00228764
2.355 0.994855 0.00225885
2.36 0.990748 0.00226037
2.365 0.987009 0.00224214
2.37 0.983007 0.00223549
2.375 0.979941 0.00222716
2.38 0.976208 0.00219947
2.385 0.972796 0.00213949
2.39 0.969166 0.00215416
2.395 0.965466 0.00210716
2.4 0.961947 0.00210153
2.405 0.958447 0.00215379
2.41 0.954677 0.00216435
2.415 0.951167 0.00217365
2.42 0.947454 0.00215012
2.425 0.943984 0.00217954
2.43 0.940204 0.00217096
2.435 0.936757 0.0022326
2.44 0.933327 0.00221719
2.445 0.92967 0.00216773
2.45 0.926012 0.00214535
2.455 0.922307 0.00215205
2.46 0.918938 0.00216576
2.465 0.915403 0.00215539
2.47 0.91203 0.00216761
2.475 0.908881 0.0021235
2.48 0.905568 0.00212321
2.485 0.902296 0.00213534
2.49 0.898948 0.00210368
2.495 0.895562 0.00208343
2.5 0.892617 0.00208968
2.505 0.889454 0.00208103
2.51 0.886327 0.00208317
2.515 0.883238 0.00211819
2.52 0.880131 0.00208166
2.525 0.877172 0.00213187
2.53 0.874302 0.00214544
2.535 0.8714 0.00213002
2.54 0.868283 0.00215571
2.545 0.865229 0.00213201
2.55 0.861999 0.00207662
2.555 0.858811 0.00205823
2.56 0.855792 0.00198957
2.565 0.852877 0.00193511
2.57 0.849621 0.00194792
2.575 0.846867 0.00194258
2.58 0.844023 0.00193926
2.585 0.84124 0.00188975
2.59 0.838349 0.00189748
2.595 0.83502 0.00187597
2.6 0.832231 0.0018338
2.605 0.829147 0.00182225
2.61 0.826318 0.0018032
2.615 0.823393 0.00180807
2.62 0.820502 0.00177481
2.625 0.817538 0.00176422
2.63 0.814897 0.00170479
2.635 0.81214 0.00167634
2.64 0.809428 0.00167161
2.645 0.806828 0.00166454
2.65 0.804464 0.00163372
2.655 0.801635 0.00158406
2.66 0.799044 0.00155798
2.665 0.796263 0.00157323
2.67 0.79381 0.0015441
2.675 0.791444 0.00156349
2.68 0.788961 0.00152909
2.685 0.786285 0.00153632
2.69 0.783776 0.001538
2.695 0.781176 0.00156893
2.7 0.778583 0.00152634
2.705 0.776262 0.00149899
2.71 0.773778 0.00152213
2.715 0.771222 0.00160001
2.72 0.768824 0.00156569
2.725 0.766155 0.00157502
2.73 0.763801 0.00156874
2.735 0.761317 0.00153755
2.74 0.758768 0.00149232
2.745 0.756394 0.0014489
2.75 0.754137 0.00145392
2.755 0.751698 0.00146266
2.76 0.749302 0.00143787
2.765 0.747011 0.00139831
2.77 0.74447 0.00142279
2.775 0.742017 0.00145434
2.78 0.739664 0.00143827
2.785 0.737071 0.00145192
2.79 0.734911 0.00146567
2.795 0.732607 0.00144235
2.8 0.73035 0.00145743
2.805 0.727935 0.00143804
2.81 0.725795 0.00142572
2.815 0.72362 0.00141736
2.82 0.721467 0.00140506
2.825 0.719295 0.00137206
2.83 0.717155 0.00137749
2.835 0.714921 0.00137604
2.84 0.712627 0.00136096
2.845 0.710448 0.00135524
2.85 0.708191 0.00136379
2.855 0.705997 0.00135541
2.86 0.70396 0.00138082
2.865 0.701868 0.0013662
2.87 0.699878 0.00134377
2.875 0.697661 0.00136587
2.88 0.695508 0.00137013
2.885 0.69357 0.00138137
2.89 0.691519 0.00138322
2.895 0.689553 0.0013743
2.9 0.687555 0.00135149
2.905 0.685672 0.00133731
2.91 0.683783 0.00132515
2.915 0.681728 0.00133744
2.92 0.679831 0.00131404
2.925 0.678076 0.00131066
2.93 0.676023 0.00129668
2.935 0.674158 0.00128359
2.94 0.672433 0.0012639
2.945 0.670646 0.00129105
2.95 0.668722 0.0012761
2.955 0.666806 0.00127647
2.96 0.66499 0.00126335
2.965 0.663019 0.00122603
2.97 0.661039 0.00123598
2.975 0.659266 0.00122935
2.98 0.657488 0.00124722
2.985 0.655643 0.00124418
2.99 0.653887 0.00123769
2.995 0.652091 0.0012396
3 0.650158 0.00124629
3.005 0.648396 0.00127365
