0.3 0.999808 9.94275e-05
0.305 0.999733 0.000105257
0.31 0.999586 0.000166316
0.315 0.999663 0.000127222
0.32 0.999429 0.000169641
0.325 0.998979 0.000370107
0.33 0.997385 0.00193695
0.335 0.997113 0.00193624
0.34 0.953977 0.0441362
0.345 0.996197 0.00298817
0.35 0.99548 0.00303731
0.355 0.995332 0.00304456
0.36 0.995354 0.00303315
0.365 0.993632 0.00424321
0.37 0.991366 0.0065562
0.375 0.994826 0.00315872
0.38 0.989878 0.004643
0.385 0.991641 0.00399498
0.39 0.994865 0.000674998
0.395 0.990627 0.00347826
0.4 0.973777 0.0140462
0.405 0.979075 0.00891023
0.41 0.969898 0.00874641
0.415 0.952219 0.0108185
0.42 0.960537 0.0100854
0.425 0.931636 0.021173
0.43 0.931656 0.0224723
0.435 0.953999 0.0134182
0.44 0.971693 0.00408468
0.445 0.962624 0.00952442
0.45 0.952912 0.00716283
0.455 0.9461 0.00723597
0.46 0.923927 0.0136559
0.465 0.929089 0.0116062
0.47 0.932618 0.00760871
0.475 0.917388 0.00879123
0.48 0.902323 0.0133052
0.485 0.898972 0.0112966
0.49 0.896675 0.0101762
0.495 0.88908 0.0101472
0.5 0.885125 0.00799744
0.505 0.886559 0.00577483
0.51 0.874278 0.00670912
0.515 0.871667 0.00694126
0.52 0.859406 0.00762099
0.525 0.846256 0.00783545
0.53 0.83833 0.00785553
0.535 0.825059 0.00877034
0.54 0.816135 0.0106686
0.545 0.815986 0.00814737
0.55 0.815881 0.00891493
0.555 0.795316 0.00880146
0.56 0.772103 0.00859692
0.565 0.755661 0.010496
0.57 0.751174 0.00611342
0.575 0.732321 0.00823621
0.58 0.711549 0.00700964
0.585 0.709759 0.0070768
0.59 0.702014 0.00647157
0.595 0.665953 0.00870337
0.6 0.660401 0.00776872
0.605 0.647802 0.0100472
0.61 0.643753 0.00691317
0.615 0.626093 0.00832983
0.62 0.624919 0.00762744
0.625 0.615771 0.00608551
0.63 0.597254 0.00571471
0.635 0.590109 0.00897989
0.64 0.577943 0.00708924
0.645 0.571622 0.00699525
0.65 0.549075 0.00869925
0.655 0.541839 0.0067555
0.66 0.524303 0.00522233
0.665 0.502757 0.00681562
0.67 0.502672 0.00701208
0.675 0.494028 0.0068237
0.68 0.482071 0.00730904
0.685 0.469441 0.00547053
0.69 0.462341 0.0076012
0.695 0.450977 0.00547653
0.7 0.44096 0.00567442
0.705 0.423 0.00607461
0.71 0.425618 0.00658912
0.715 0.414679 0.00566592
0.72 0.413778 0.00298092
0.725 0.398323 0.00453692
0.73 0.39713 0.00481652
0.735 0.392356 0.00355846
0.74 0.38079 0.00603606
0.745 0.362823 0.00460031
0.75 0.353782 0.00508736
0.755 0.352588 0.00423303
0.76 0.333109 0.00370774
0.765 0.340414 0.00345899
0.77 0.333316 0.00352673
0.775 0.320787 0.00460777
0.78 0.31187 0.00415246
0.785 0.310874 0.00562218
0.79 0.296718 0.00350625
0.795 0.300565 0.00443126
0.8 0.298181 0.00372044
0.805 0.283543 0.00361765
0.81 0.278815 0.00274437
0.815 0.27319 0.00310872
0.82 0.268674 0.00467447
0.825 0.268191 0.00377747
0.83 0.253185 0.00448846
0.835 0.248371 0.00310119
0.84 0.243964 0.00405963
0.845 0.24516 0.00384335
0.85 0.240494 0.00390806
0.855 0.238158 0.00395875
0.86 0.232016 0.00325456
0.865 0.229799 0.00271793
0.87 0.224198 0.00321056
0.875 0.220257 0.00387189
0.88 0.213294 0.00329321
0.885 0.20752 0.00291595
0.89 0.208242 0.0025443
0.895 0.207518 0.00238783
0.9 0.19624 0.00268838
0.905 0.196401 0.00214291
0.91 0.193166 0.00246704
0.915 0.190364 0.00362159
0.92 0.184492 0.00221207
0.925 0.182003 0.00224681
0.93 0.180058 0.00255548
0.935 0.180673 0.00301274
0.94 0.17655 0.00205373
0.945 0.176986 0.00230338
0.95 0.170446 0.00212365
0.955 0.170972 0.00225387
0.96 0.162308 0.00255372
0.965 0.162905 0.00251282
0.97 0.16095 0.00190045
0.975 0.156974 0.00205757
0.98 0.155298 0.00241287
0.985 0.149684 0.00222984
0.99 0.149407 0.00222159
0.995 0.148454 0.00194899
1 0.145875 0.00251057
1.005 0.144739 0.00215373
1.01 0.142091 0.0016887
1.015 0.138784 0.00222187
1.02 0.135137 0.0017267
1.025 0.135706 0.00220742
1.03 0.132311 0.00223221
1.035 0.133952 0.00194472
1.04 0.129529 0.00139096
1.045 0.127489 0.0015018
1.05 0.127103 0.00212652
1.055 0.124845 0.00155375
1.06 0.124199 0.0019321
1.065 0.122578 0.00194031
1.07 0.118487 0.0015005
1.075 0.120263 0.00171634
1.08 0.115697 0.00155701
1.085 0.114876 0.00158088
1.09 0.114494 0.00120169
1.095 0.11272 0.00213026
1.1 0.110857 0.00145558
1.105 0.112993 0.0016423
1.11 0.10751 0.00163757
1.115 0.107048 0.00126767
1.12 0.105672 0.0018072
1.125 0.102359 0.00153444
1.13 0.103496 0.000996242
1.135 0.10188 0.00184672
1.14 0.101404 0.000977346
1.145 0.0997482 0.00138539
1.15 0.0975818 0.000990787
1.155 0.0952483 0.00112764
1.16 0.0963561 0.00153258
1.165 0.0938522 0.00144426
1.17 0.0955678 0.00158836
1.175 0.091607 0.00175166
1.18 0.0912265 0.00171694
1.185 0.0898801 0.00178783
1.19 0.0885805 0.00156849
1.195 0.0893082 0.00155277
1.2 0.0844935 0.00140267
1.205 0.0849742 0.00142999
1.21 0.0852356 0.00127829
1.215 0.0852835 0.00159324
1.22 0.0842152 0.00102672
1.225 0.082843 0.00100504
1.23 0.0816569 0.00103573
1.235 0.0812677 0.00130722
1.24 0.0794732 0.00160727
1.245 0.0772737 0.00115785
1.25 0.0776441 0.0010769
1.255 0.0784331 0.00131687
1.26 0.077223 0.0011992
1.265 0.0759173 0.0012034
1.27 0.0739493 0.00119267
1.275 0.0755001 0.000898912
1.28 0.0737055 0.00115386
1.285 0.0723144 0.000927064
1.29 0.0713402 0.00111365
1.295 0.0709651 0.00083097
1.3 0.0709161 0.0013978
1.305 0.0689842 0.000994147
1.31 0.0682713 0.00116742
1.315 0.0686262 0.00123891
1.32 0.0673377 0.00135826
1.325 0.0675836 0.000952086
1.33 0.0662811 0.000981197
1.335 0.0659588 0.000942515
1.34 0.0666861 0.000572112
1.345 0.0646813 0.000837485
1.35 0.065458 0.000959734
1.355 0.063994 0.00111865
1.36 0.0629885 0.000937617
1.365 0.0622588 0.0007032
1.37 0.0612093 0.00104012
1.375 0.0625383 0.00101438
1.38 0.0613622 0.000894048
1.385 0.06213 0.000889288
1.39 0.059653 0.000712562
1.395 0.0585827 0.00093092
1.4 0.0600539 0.00101287
1.405 0.0580731 0.000836848
1.41 0.0575366 0.00111695
1.415 0.0568204 0.000946584
1.42 0.0581281 0.000774626
1.425 0.0559478 0.00113467
1.43 0.0578418 0.000948887
1.435 0.0563592 0.00098691
1.44 0.0560266 0.000931754
1.445 0.0547833 0.000844646
1.45 0.0553274 0.000871735
1.455 0.0536208 0.000614305
1.46 0.0544175 0.00124242
1.465 0.0528797 0.00100736
1.47 0.0538492 0.000754943
1.475 0.0527333 0.000839098
1.48 0.0526484 0.000612004
1.485 0.0524417 0.000847803
1.49 0.0518831 0.000805675
1.495 0.0515355 0.00083605
1.5 0.0500434 0.000996018
1.505 0.0497198 0.000773496
1.51 0.050614 0.000864755
1.515 0.049792 0.000809405
1.52 0.0492853 0.000540067
1.525 0.048612 0.00073954
1.53 0.0483247 0.000836521
1.535 0.0478518 0.000815845
1.54 0.0480247 0.000894632
1.545 0.0469098 0.000485554
1.55 0.0476302 0.000700929
1.555 0.0456344 0.000703788
1.56 0.0466724 0.000775852
1.565 0.0470049 0.000749108
1.57 0.0448656 0.000705454
1.575 0.0460149 0.000835297
1.58 0.0464934 0.000763455
1.585 0.0431837 0.000567283
1.59 0.0442186 0.000561999
1.595 0.0433623 0.000712592
1.6 0.0446174 0.000576752
1.605 0.0421024 0.000776659
1.61 0.0427321 0.000559914
1.615 0.0419111 0.000785018
1.62 0.04279 0.000786717
1.625 0.041534 0.000499158
1.63 0.0427421 0.000615409
1.635 0.0420622 0.000620306
1.64 0.0409549 0.000697544
1.645 0.0406756 0.000721535
1.65 0.0411851 0.000607468
1.655 0.0395693 0.000547476
1.66 0.0408192 0.000675158
1.665 0.0403564 0.000792991
1.67 0.0398315 0.000813245
1.675 0.038554 0.00075415
1.68 0.0398684 0.000583244
1.685 0.038264 0.000695911
1.69 0.0389402 0.00060594
1.695 0.0385943 0.000574871
1.7 0.0372876 0.000581897
1.705 0.0376661 0.000619059
1.71 0.03751 0.000745875
1.715 0.0370799 0.000555905
1.72 0.0370358 0.000618796
1.725 0.0376928 0.00069361
1.73 0.035915 0.000623514
1.735 0.0361996 0.00057177
1.74 0.036761 0.000649701
1.745 0.036542 0.000632207
1.75 0.0357419 0.000488326
1.755 0.0353171 0.000678021
1.76 0.03613 0.000646328
1.765 0.0355794 0.000636697
1.77 0.034163 0.000552319
1.775 0.0340492 0.000667512
1.78 0.0343034 0.000639614
1.785 0.0343008 0.00083603
1.79 0.032371 0.000602124
1.795 0.0329181 0.00048166
1.8 0.034254 0.000672087
1.805 0.0332921 0.000510553
1.81 0.0330528 0.000511099
1.815 0.0330516 0.000560782
1.82 0.0319129 0.000713568
1.825 0.0319252 0.000638067
1.83 0.0326938 0.000492915
1.835 0.03297 0.000632866
1.84 0.0322792 0.000447622
1.845 0.0334423 0.000546876
1.85 0.03157 0.000587246
1.855 0.0319807 0.000480201
1.86 0.0300254 0.000583693
1.865 0.0306831 0.000423245
1.87 0.0313181 0.00073879
1.875 0.0301331 0.000507759
1.88 0.0311402 0.000458443
1.885 0.0302179 0.000613793
1.89 0.0300664 0.000502034
1.895 0.0307448 0.000539294
1.9 0.0305118 0.00062532
1.905 0.0301228 0.000656577
1.91 0.029463 0.0005639
1.915 0.0297077 0.000488103
1.92 0.029383 0.000537235
1.925 0.0293439 0.000551184
1.93 0.0287632 0.000426649
1.935 0.0285444 0.000607871
1.94 0.0290042 0.000511871
1.945 0.0280221 0.00063515
1.95 0.0278379 0.00051737
1.955 0.028888 0.000542979
1.96 0.0287809 0.000548191
1.965 0.0271957 0.000689643
1.97 0.0278892 0.000545669
1.975 0.0274108 0.000550499
1.98 0.0279297 0.00049106
1.985 0.0272532 0.000480969
1.99 0.0273165 0.000459966
1.995 0.0263816 0.000461226
2 0.0276185 0.000463703
2.005 0.0279458 0.000500947
2.01 0.0267322 0.000437475
2.015 0.0264424 0.000565508
2.02 0.0250568 0.000510804
2.025 0.0268474 0.000523997
2.03 0.0272809 0.000568616
2.035 0.0247887 0.00052715
2.04 0.025756 0.000499873
2.045 0.0257377 0.000524284
2.05 0.0262506 0.000559494
2.055 0.0250939 0.000610964
2.06 0.0253802 0.000474973
2.065 0.0257897 0.00049862
2.07 0.026255 0.000504428
2.075 0.0259871 0.000560322
2.08 0.0247405 0.000683636
2.085 0.0247521 0.000469345
2.09 0.0247565 0.000481032
2.095 0.0245042 0.00049996
2.1 0.024703 0.000524749
2.105 0.0239659 0.000538411
2.11 0.0246571 0.000439443
2.115 0.0246042 0.000532354
2.12 0.0238677 0.000563242
2.125 0.0242786 0.000339596
2.13 0.0244799 0.000392032
2.135 0.0234692 0.000531496
2.14 0.0241788 0.000491497
2.145 0.0239055 0.000473035
2.15 0.0235313 0.000489646
2.155 0.0227571 0.000468842
2.16 0.0229299 0.000447557
2.165 0.0230656 0.000476888
2.17 0.0225713 0.000424208
2.175 0.0238648 0.000390628
2.18 0.022538 0.000408381
2.185 0.0219463 0.000280864
2.19 0.0221264 0.000462498
2.195 0.0228463 0.000342248
2.2 0.0228938 0.000445314
2.205 0.021893 0.000381321
2.21 0.0218554 0.00042771
2.215 0.0218468 0.000491839
2.22 0.021698 0.000350016
2.225 0.0217336 0.000355059
2.23 0.0223941 0.000423588
2.235 0.022023 0.000402414
2.24 0.021745 0.000369341
2.245 0.0227746 0.000466081
2.25 0.0219348 0.00036202
2.255 0.0211449 0.000473741
2.26 0.021431 0.000421204
2.265 0.021744 0.000466392
2.27 0.0204304 0.000427098
2.275 0.0211618 0.00037209
2.28 0.0210211 0.000506456
2.285 0.0210702 0.000531092
2.29 0.0213056 0.00039403
2.295 0.0208607 0.000313148
2.3 0.0200514 0.000720657
2.305 0.0196783 0.000513502
2.31 0.0202334 0.000486321
2.315 0.020696 0.000539786
2.32 0.0203904 0.000388513
2.325 0.0199937 0.00050948
2.33 0.0196941 0.000445744
2.335 0.0199389 0.000419452
2.34 0.0197186 0.000336877
2.345 0.0200466 0.000205591
2.35 0.0194212 0.000343369
2.355 0.0199092 0.000369293
2.36 0.0190042 0.000345853
2.365 0.0202251 0.000377716
2.37 0.0192019 0.000309369
2.375 0.0204027 0.000443908
2.38 0.0190478 0.000314618
2.385 0.0192623 0.000378219
2.39 0.0196476 0.000401345
2.395 0.0190499 0.000387409
2.4 0.0189958 0.000381299
2.405 0.0197357 0.00039844
2.41 0.0198601 0.000383426
2.415 0.0188366 0.000353893
2.42 0.0179604 0.000396491
2.425 0.0189106 0.000340453
2.43 0.0185145 0.000534992
2.435 0.0182214 0.000315363
2.44 0.0185896 0.000528767
2.445 0.0181493 0.000369053
2.45 0.0183636 0.000541253
2.455 0.0180581 0.000392643
2.46 0.0185854 0.000495146
2.465 0.0179266 0.000430063
2.47 0.017977 0.000435772
2.475 0.0181902 0.000417059
2.48 0.0179294 0.000439899
2.485 0.0188156 0.000455948
2.49 0.0193402 0.000479505
2.495 0.017102 0.00046339
2.5 0.0177953 0.000442925
2.505 0.0176194 0.000317388
2.51 0.0170966 0.000240992
2.515 0.0175807 0.000430917
2.52 0.0173887 0.000444047
2.525 0.0172925 0.000300528
2.53 0.0168605 0.000414084
2.535 0.0177202 0.00036216
2.54 0.0169158 0.000349338
2.545 0.0175599 0.000453331
2.55 0.0174095 0.000369052
2.555 0.0168914 0.00041012
2.56 0.0171122 0.000290213
2.565 0.016838 0.000500246
2.57 0.0182019 0.000371759
2.575 0.0171155 0.000286419
2.58 0.0171536 0.00040186
2.585 0.0165378 0.000358432
2.59 0.0163587 0.000391897
2.595 0.0165065 0.000429016
2.6 0.0167938 0.000243258
2.605 0.0168461 0.000273799
2.61 0.0158953 0.000350511
2.615 0.0163864 0.000292059
2.62 0.0167666 0.000364502
2.625 0.0169068 0.000382614
2.63 0.016236 0.000387147
2.635 0.0152926 0.000294245
2.64 0.0160015 0.000291044
2.645 0.0163777 0.000415148
2.65 0.0152041 0.000318744
2.655 0.0163145 0.000348094
2.66 0.0156043 0.000334704
2.665 0.0169999 0.000427935
2.67 0.0159604 0.000328733
2.675 0.0153966 0.000345482
2.68 0.0151986 0.000332503
2.685 0.0152356 0.000415202
2.69 0.0156302 0.000324064
2.695 0.0152264 0.000450366
2.7 0.0148835 0.000373725
2.705 0.0157201 0.000319259
2.71 0.0153776 0.000327661
2.715 0.0155455 0.000343938
2.72 0.0158649 0.000329648
2.725 0.0149968 0.000389848
2.73 0.0148467 0.000490348
2.735 0.014998 0.000260614
2.74 0.015383 0.000357419
2.745 0.0149149 0.000342676
2.75 0.0146053 0.000328211
2.755 0.0152068 0.000392042
2.76 0.0142821 0.000383944
2.765 0.0154846 0.000329989
2.77 0.0146836 0.000402178
2.775 0.0149003 0.000433178
2.78 0.0148243 0.000372223
2.785 0.0150182 0.000400974
2.79 0.0144356 0.000348566
2.795 0.0145114 0.000320073
2.8 0.0139576 0.000401627
2.805 0.0146996 0.00037075
2.81 0.014626 0.000331747
2.815 0.0143053 0.000299246
2.82 0.014519 0.000318537
2.825 0.0148754 0.000331451
2.83 0.0146846 0.000487851
2.835 0.0142795 0.000368934
2.84 0.0143153 0.000350553
2.845 0.0141638 0.000346786
2.85 0.0134608 0.000375065
2.855 0.0140313 0.000252582
2.86 0.0138153 0.000342544
2.865 0.0141463 0.000343598
2.87 0.0140768 0.000401517
2.875 0.014066 0.000328836
2.88 0.0146577 0.000307416
2.885 0.0134836 0.000386541
2.89 0.0131428 0.000311726
2.895 0.0139588 0.000408967
2.9 0.0132078 0.000304248
2.905 0.0136043 0.000382298
2.91 0.0135837 0.0003474
2.915 0.0135652 0.000367539
2.92 0.0138782 0.000256516
2.925 0.0134814 0.000338286
2.93 0.0134194 0.000383263
2.935 0.0134506 0.000355181
2.94 0.0130945 0.00038916
2.945 0.0136327 0.000304203
2.95 0.0131804 0.000290593
2.955 0.0129307 0.000331113
2.96 0.0126855 0.000245434
2.965 0.0130838 0.000338545
2.97 0.0132299 0.000209287
2.975 0.013215 0.000365529
2.98 0.0133645 0.000353338
2.985 0.0136818 0.000275698
2.99 0.013541 0.000406569
2.995 0.0129854 0.000252767
3 0.012928 0.000333634
3.005 0.0130399 0.000362709
