0 1.38775 0
1 1.4932 0.105456
2 1.46612 0.0666351
3 1.49648 0.0560489
4 1.48125 0.04601
5 1.45459 0.0460635
6 1.45414 0.0389333
7 1.47335 0.038803
8 1.49448 0.0402197
9 1.53871 0.0570076
10 1.54006 0.0515832
11 1.54372 0.0472306
12 1.55398 0.0446415
13 1.54134 0.0432213
14 1.53407 0.0408879
15 1.52991 0.0384724
16 1.52494 0.0364789
17 1.52099 0.0346191
18 1.54654 0.0415337
19 1.54657 0.0394024
20 1.53505 0.03921
21 1.52841 0.0379712
22 1.53111 0.0363837
23 1.52805 0.0349694
24 1.53667 0.0346312
25 1.53556 0.0332911
26 1.53088 0.0323741
27 1.52515 0.0317174
28 1.5279 0.0307269
29 1.52326 0.0300448
30 1.51685 0.0297572
31 1.51626 0.0288185
32 1.51123 0.0283807
33 1.51197 0.0275432
34 1.51023 0.0268009
35 1.50992 0.0260477
36 1.50884 0.0253568
37 1.50507 0.0249669
38 1.50469 0.0243213
39 1.50375 0.0237239
40 1.50688 0.0233481
41 1.50845 0.0228399
42 1.50411 0.0227218
43 1.50563 0.0222519
44 1.50695 0.0217914
45 1.50557 0.0213571
46 1.50866 0.0211258
47 1.50982 0.0207134
48 1.50688 0.0204987
49 1.50662 0.0200862
50 1.50664 0.0196884
51 1.50755 0.0193278
52 1.50709 0.0189652
53 1.50529 0.0186977
54 1.50449 0.018372
55 1.50607 0.0181103
56 1.50927 0.0180744
57 1.50794 0.0178092
58 1.51091 0.0177545
59 1.5092 0.0175396
60 1.50817 0.0172803
61 1.50605 0.0171316
62 1.50577 0.0168597
63 1.50575 0.0165942
64 1.51102 0.0171682
65 1.50955 0.0169701
66 1.50723 0.0168747
67 1.51063 0.0169675
68 1.50925 0.0167761
69 1.50888 0.0165391
70 1.50875 0.0163049
71 1.50946 0.0160924
72 1.50717 0.0160344
73 1.50691 0.0158183
74 1.50819 0.0156585
75 1.51042 0.0156107
76 1.51071 0.0154094
77 1.5101 0.0152227
78 1.5104 0.0150315
79 1.51002 0.0148471
80 1.50767 0.0148512
81 1.50718 0.0146771
82 1.5078 0.0145126
83 1.50973 0.0144687
84 1.50693 0.0145706
85 1.50986 0.014697
86 1.50838 0.0146032
87 1.50758 0.0144582
88 1.50816 0.0143065
89 1.50767 0.014155
90 1.50772 0.0139987
91 1.50956 0.0139666
92 1.50835 0.013868
93 1.50713 0.0137738
94 1.50723 0.0136284
95 1.50593 0.013549
96 1.50439 0.0134962
97 1.50313 0.0134172
98 1.502 0.0133289
99 1.50133 0.0132122
