0.3 0.999648 0.00025308
0.305 0.999639 0.000253101
0.31 0.967855 0.0309633
0.315 0.967775 0.0309592
0.32 0.96776 0.0309576
0.325 0.967742 0.0309568
0.33 0.967472 0.0309436
0.335 0.967421 0.0309409
0.34 0.967384 0.0309395
0.345 0.967295 0.0308467
0.35 0.967177 0.0308408
0.355 0.967073 0.0308342
0.36 0.987809 0.0100725
0.365 0.987521 0.0100826
0.37 0.98717 0.0100662
0.375 0.98681 0.0100502
0.38 0.985784 0.0100608
0.385 0.984977 0.0100219
0.39 0.984419 0.0100109
0.395 0.978077 0.0155629
0.4 0.9651 0.0195342
0.405 0.978133 0.0127163
0.41 0.977462 0.0124828
0.415 0.976135 0.0125221
0.42 0.981037 0.00580977
0.425 0.980107 0.00583648
0.43 0.974139 0.00758499
0.435 0.973732 0.0054012
0.44 0.970434 0.00605288
0.445 0.965678 0.00692936
0.45 0.950591 0.00905378
0.455 0.945084 0.0104107
0.46 0.943771 0.0105514
0.465 0.940347 0.0102742
0.47 0.936904 0.0100607
0.475 0.931596 0.00914084
0.48 0.931237 0.00831848
0.485 0.92394 0.00740002
0.49 0.915839 0.00805162
0.495 0.905429 0.00748505
0.5 0.892528 0.00919723
0.505 0.883017 0.00994211
0.51 0.88164 0.00874945
0.515 0.874331 0.00867235
0.52 0.860824 0.00915357
0.525 0.854012 0.00952905
0.53 0.848681 0.00841904
0.535 0.844798 0.00765447
0.54 0.837402 0.00810793
0.545 0.826197 0.00806841
0.55 0.811554 0.00857919
0.555 0.803928 0.00873194
0.56 0.797095 0.00902766
0.565 0.783091 0.00907055
0.57 0.766458 0.00940503
0.575 0.755305 0.0109331
0.58 0.735028 0.0119089
0.585 0.724788 0.010621
0.59 0.713525 0.011056
0.595 0.706333 0.0106283
0.6 0.698899 0.00972072
0.605 0.682697 0.0089604
0.61 0.66877 0.00895387
0.615 0.653803 0.00972709
0.62 0.643868 0.0102734
0.625 0.628449 0.0104864
0.63 0.612624 0.0109892
0.635 0.600908 0.0107138
0.64 0.587766 0.00993276
0.645 0.574417 0.010583
0.65 0.559219 0.0100442
0.655 0.5475 0.0107181
0.66 0.534601 0.0106903
0.665 0.525513 0.00979627
0.67 0.514734 0.00962979
0.675 0.504698 0.00962764
0.68 0.494881 0.00893143
0.685 0.480762 0.00894438
0.69 0.470601 0.00776951
0.695 0.463856 0.00708963
0.7 0.450813 0.00722434
0.705 0.441088 0.00766915
0.71 0.430291 0.00740277
0.715 0.420495 0.00788543
0.72 0.41166 0.00715502
0.725 0.405003 0.0069317
0.73 0.397299 0.00682799
0.735 0.387499 0.00648264
0.74 0.381117 0.00658363
0.745 0.36903 0.00676287
0.75 0.36227 0.00643663
0.755 0.354323 0.00648313
0.76 0.346503 0.00612929
0.765 0.340943 0.00604966
0.77 0.333155 0.00589438
0.775 0.325893 0.00590246
0.78 0.316949 0.00643423
0.785 0.310692 0.00558154
0.79 0.308007 0.00518023
0.795 0.302946 0.00505703
0.8 0.297256 0.00485133
0.805 0.291474 0.00493362
0.81 0.284448 0.00504836
0.815 0.276933 0.00441913
0.82 0.271232 0.0045777
0.825 0.266131 0.00432813
0.83 0.261573 0.00467109
0.835 0.257412 0.00456901
0.84 0.253184 0.0047597
0.845 0.250211 0.0051428
0.85 0.244714 0.00463969
0.855 0.240386 0.0044912
0.86 0.236216 0.00438449
0.865 0.231156 0.00485309
0.87 0.227041 0.00483587
0.875 0.223301 0.00491786
0.88 0.219598 0.00463017
0.885 0.215144 0.0044702
0.89 0.211361 0.00434936
0.895 0.207563 0.00453728
0.9 0.20347 0.00443047
0.905 0.199508 0.00421464
0.91 0.197008 0.00414489
0.915 0.193412 0.00397428
0.92 0.189072 0.00398334
0.925 0.186089 0.00392237
0.93 0.184217 0.00369308
0.935 0.180393 0.00375202
0.94 0.177581 0.0035702
0.945 0.174417 0.0034344
0.95 0.17268 0.00343836
0.955 0.171178 0.00351983
0.96 0.168167 0.00344833
0.965 0.164757 0.0037593
0.97 0.161382 0.00368939
0.975 0.158588 0.00370048
0.98 0.155921 0.00353757
0.985 0.153324 0.00344494
0.99 0.151253 0.00332799
0.995 0.149901 0.00323063
1 0.147505 0.00328886
1.005 0.144488 0.00334107
1.01 0.142209 0.00328234
1.015 0.139816 0.00310018
1.02 0.137831 0.00303737
1.025 0.1357 0.0028322
1.03 0.133518 0.00284412
1.035 0.131031 0.00297254
1.04 0.129075 0.00300816
1.045 0.128195 0.00309378
1.05 0.126306 0.00296695
1.055 0.124252 0.00286322
1.06 0.122285 0.00280415
1.065 0.120295 0.00287866
1.07 0.119429 0.00277651
1.075 0.118014 0.00264513
1.08 0.116244 0.00271433
1.085 0.114942 0.00268619
1.09 0.113021 0.00271546
1.095 0.111362 0.00264422
1.1 0.110053 0.00272477
1.105 0.108957 0.00264089
1.11 0.107932 0.00268751
1.115 0.106035 0.00262146
1.12 0.104846 0.00251041
1.125 0.103131 0.00244428
1.13 0.101775 0.00230405
1.135 0.100939 0.00235281
1.14 0.0999392 0.00233952
1.145 0.0990516 0.00226588
1.15 0.0982125 0.00223503
1.155 0.097015 0.00222414
1.16 0.0960588 0.00225644
1.165 0.0947122 0.0022601
1.17 0.0940518 0.00209163
1.175 0.0931387 0.00217229
1.18 0.0919247 0.00216412
1.185 0.0910944 0.00220976
1.19 0.0906788 0.00215392
1.195 0.0897795 0.0021249
1.2 0.0886134 0.0020659
1.205 0.0873015 0.00201621
1.21 0.0863413 0.00186626
1.215 0.0852334 0.0018785
1.22 0.084064 0.00178186
1.225 0.0835057 0.00179423
1.23 0.0824377 0.00179891
1.235 0.0816978 0.00173646
1.24 0.0806716 0.00174786
1.245 0.0797883 0.00179271
1.25 0.079039 0.00179476
1.255 0.07817 0.0018272
1.26 0.077367 0.00182872
1.265 0.0765094 0.00182948
1.27 0.0755332 0.00180056
1.275 0.0746499 0.00173794
1.28 0.0739802 0.00178687
1.285 0.0729947 0.00176913
1.29 0.0722738 0.00169139
1.295 0.0716866 0.00167836
1.3 0.0710202 0.001669
1.305 0.0699297 0.00164663
1.31 0.0693458 0.00160802
1.315 0.0688652 0.0016542
1.32 0.0685445 0.00169599
1.325 0.0678176 0.00173818
1.33 0.0670938 0.00178871
1.335 0.0662602 0.00173544
1.34 0.0657138 0.0017537
1.345 0.065213 0.00174155
1.35 0.0645238 0.00171898
1.355 0.0641514 0.00168445
1.36 0.0634548 0.00166348
1.365 0.0629372 0.00162466
1.37 0.0622801 0.00164772
1.375 0.0619389 0.00160622
1.38 0.0615198 0.00151941
1.385 0.0609196 0.00141149
1.39 0.060369 0.0013755
1.395 0.0600684 0.00137495
1.4 0.059625 0.00140237
1.405 0.0590966 0.00133621
1.41 0.0587634 0.00127573
1.415 0.0581242 0.00128667
1.42 0.0576273 0.00135973
1.425 0.0570557 0.00135912
1.43 0.0565272 0.00138651
1.435 0.0562806 0.00145263
1.44 0.0559466 0.0014597
1.445 0.0554082 0.00147458
1.45 0.054769 0.00150248
1.455 0.0544925 0.0014809
1.46 0.0542386 0.00147161
1.465 0.053831 0.00145955
1.47 0.0534683 0.00143419
1.475 0.0529765 0.00140662
1.48 0.0524356 0.00140532
1.485 0.052175 0.00134033
1.49 0.0517886 0.00135095
1.495 0.0513021 0.00131459
1.5 0.0507946 0.00137363
1.505 0.0504894 0.00135238
1.51 0.0499111 0.00132907
1.515 0.0496099 0.00133622
1.52 0.049355 0.00131786
1.525 0.0487526 0.00132517
1.53 0.048379 0.0013427
1.535 0.0482325 0.00131633
1.54 0.0479712 0.00126093
1.545 0.047621 0.00124438
1.55 0.0471222 0.00120735
1.555 0.0466978 0.00120113
1.56 0.0462517 0.00119815
1.565 0.0458297 0.00116609
1.57 0.0455096 0.00116963
1.575 0.0452114 0.00120722
1.58 0.0451823 0.00119407
1.585 0.0447792 0.00119377
1.59 0.0444958 0.00118311
1.595 0.0442825 0.00117401
1.6 0.0440314 0.00119717
1.605 0.0437951 0.00119245
1.61 0.043399 0.00116896
1.615 0.0430914 0.00112967
1.62 0.0427689 0.00112789
1.625 0.0423083 0.00113222
1.63 0.0419829 0.00107811
1.635 0.0417047 0.00105622
1.64 0.0414191 0.00106485
1.645 0.0410658 0.00106636
1.65 0.0409273 0.00107996
1.655 0.0406319 0.00105613
1.66 0.0402308 0.00104126
1.665 0.0400037 0.000984844
1.67 0.0397237 0.000975658
1.675 0.0395348 0.000941859
1.68 0.0393087 0.000929407
1.685 0.0391226 0.000920818
1.69 0.0388202 0.000894986
1.695 0.0385077 0.000893639
1.7 0.0382686 0.000904986
1.705 0.0379932 0.000926425
1.71 0.0376628 0.0009209
1.715 0.0374699 0.000911727
1.72 0.0372709 0.000915089
1.725 0.0371238 0.000890157
1.73 0.0368273 0.000871381
1.735 0.0365736 0.00085369
1.74 0.036352 0.000836782
1.745 0.0360354 0.000809843
1.75 0.0358895 0.000784783
1.755 0.035577 0.000757529
1.76 0.03549 0.000746658
1.765 0.0352275 0.000719217
1.77 0.0350111 0.000690019
1.775 0.0348097 0.000677758
1.78 0.0346672 0.000684703
1.785 0.034516 0.00068598
1.79 0.0343054 0.000686846
1.795 0.0338834 0.000686896
1.8 0.0336275 0.000670632
1.805 0.0333809 0.000665308
1.81 0.0332372 0.000664156
1.815 0.0330923 0.000673403
1.82 0.0328772 0.00068557
1.825 0.0326438 0.000683271
1.83 0.0324123 0.000671328
1.835 0.0322193 0.000675537
1.84 0.0320793 0.000674389
1.845 0.0321086 0.000663894
1.85 0.03196 0.000670574
1.855 0.0316546 0.000655814
1.86 0.0313766 0.000637374
1.865 0.0312106 0.000637419
1.87 0.0310479 0.000648853
1.875 0.0309637 0.000672128
1.88 0.0308261 0.000673904
1.885 0.0306283 0.000671461
1.89 0.0304668 0.000666258
1.895 0.0302336 0.000666859
1.9 0.0300533 0.000668785
1.905 0.0299776 0.000656984
1.91 0.0299232 0.000665811
1.915 0.0298144 0.000659915
1.92 0.0295821 0.000636767
1.925 0.0294006 0.000662851
1.93 0.0293929 0.000652575
1.935 0.0293056 0.000654091
1.94 0.0291478 0.000645457
1.945 0.0290098 0.000637993
1.95 0.0287636 0.000642179
1.955 0.0286495 0.000655696
1.96 0.0285384 0.000647561
1.965 0.0282696 0.000642562
1.97 0.0280955 0.000641838
1.975 0.0279719 0.000635859
1.98 0.0277931 0.000617169
1.985 0.027754 0.000615376
1.99 0.0276314 0.000621341
1.995 0.0273655 0.000625457
2 0.027134 0.000625493
2.005 0.0269426 0.000640948
2.01 0.0268828 0.000649803
2.015 0.02671 0.000660275
2.02 0.0265752 0.000661651
2.025 0.0265352 0.000661559
2.03 0.0264069 0.000668282
2.035 0.0262785 0.000657677
2.04 0.026146 0.000665426
2.045 0.0260186 0.000652127
2.05 0.0260034 0.000668226
2.055 0.0259237 0.000668057
2.06 0.0258462 0.000661831
2.065 0.0256481 0.000640065
2.07 0.0255338 0.000633609
2.075 0.0253698 0.000635213
2.08 0.0253247 0.000642889
2.085 0.0251325 0.000648719
2.09 0.0250724 0.000642296
2.095 0.0250177 0.000634496
2.1 0.0249208 0.000636059
2.105 0.0248025 0.000639218
2.11 0.0247371 0.000631314
2.115 0.0246129 0.000621305
2.12 0.024513 0.000624179
2.125 0.0243656 0.000623668
2.13 0.0243057 0.000626393
2.135 0.0241992 0.000625167
2.14 0.0240679 0.000626425
2.145 0.0240082 0.000618543
2.15 0.023936 0.000609143
2.155 0.0238368 0.000605109
2.16 0.0236902 0.000582588
2.165 0.023554 0.00058293
2.17 0.0234561 0.00057669
2.175 0.0233467 0.000584189
2.18 0.0232787 0.000579877
2.185 0.0231818 0.000581089
2.19 0.0230464 0.000583482
2.195 0.0230112 0.000590265
2.2 0.022773 0.000587547
2.205 0.0226979 0.00059076
2.21 0.0226218 0.000582814
2.215 0.0224776 0.000580235
2.22 0.0224094 0.000581265
2.225 0.0222942 0.000578519
2.23 0.0221972 0.000564443
2.235 0.0220037 0.000558158
2.24 0.02187 0.000563671
2.245 0.021822 0.000570381
2.25 0.021718 0.000552282
2.255 0.0215923 0.000554549
2.26 0.0214566 0.000556691
2.265 0.0213227 0.0005698
2.27 0.0212997 0.000570521
2.275 0.0212858 0.000581111
2.28 0.0212164 0.000582715
2.285 0.0210715 0.000575952
2.29 0.0209915 0.000576145
2.295 0.0209292 0.000576962
2.3 0.0208251 0.000577362
2.305 0.0207094 0.000574837
2.31 0.0206169 0.00057699
2.315 0.0205048 0.000580584
2.32 0.0204823 0.000564734
2.325 0.0204239 0.000567987
2.33 0.0203367 0.000564589
2.335 0.0202832 0.000571553
2.34 0.0201735 0.000577191
2.345 0.0200799 0.000567851
2.35 0.0199628 0.000564389
2.355 0.0198848 0.00056138
2.36 0.0197918 0.000551477
2.365 0.019697 0.00054159
2.37 0.0195992 0.000540512
2.375 0.0194915 0.000541584
2.38 0.0194174 0.000535991
2.385 0.0193697 0.00052172
2.39 0.0193248 0.000529802
2.395 0.0192526 0.000539663
2.4 0.0192119 0.00054715
2.405 0.0191416 0.000559656
2.41 0.0190792 0.000561118
2.415 0.0189738 0.00056382
2.42 0.0188638 0.000550799
2.425 0.0187464 0.000550118
2.43 0.0186507 0.000549088
2.435 0.0185661 0.000545617
2.44 0.0185208 0.000542309
2.445 0.0184924 0.00055537
2.45 0.0184329 0.000554239
2.455 0.0183569 0.000555677
2.46 0.0182948 0.000553639
2.465 0.018264 0.000561486
2.47 0.0182157 0.000560665
2.475 0.0181419 0.000563988
2.48 0.0180992 0.000555163
2.485 0.0180632 0.000547433
2.49 0.0179366 0.000537753
2.495 0.0178226 0.000536226
2.5 0.017793 0.000521907
2.505 0.0177453 0.000522062
2.51 0.0177198 0.000528348
2.515 0.0176714 0.000523736
2.52 0.017594 0.00051728
2.525 0.0175389 0.000528412
2.53 0.0174785 0.000532127
2.535 0.0174097 0.000525907
2.54 0.017358 0.000524842
2.545 0.01731 0.000519919
2.55 0.0172904 0.000514956
2.555 0.017264 0.000512604
2.56 0.0171305 0.000509934
2.565 0.017082 0.000508257
2.57 0.0170571 0.000508711
2.575 0.0169437 0.000508008
2.58 0.016901 0.000502667
2.585 0.0168176 0.000497667
2.59 0.0168054 0.000496258
2.595 0.0167926 0.000506463
2.6 0.0167732 0.000503959
2.605 0.0167284 0.000506161
2.61 0.0167282 0.00049851
2.615 0.0166993 0.000498189
2.62 0.0166175 0.000506037
2.625 0.0165909 0.000511642
2.63 0.0165336 0.000516415
2.635 0.0165132 0.000517743
2.64 0.016487 0.000514767
2.645 0.0164243 0.00052641
2.65 0.0163552 0.000528194
2.655 0.0162768 0.000528427
2.66 0.0162108 0.000524747
2.665 0.0161698 0.00053201
2.67 0.0161072 0.000535788
2.675 0.0160048 0.000537699
2.68 0.0159244 0.00053542
2.685 0.01586 0.000535702
2.69 0.0158072 0.000530848
2.695 0.0157427 0.000530849
2.7 0.0156949 0.000530781
2.705 0.0156206 0.00052562
2.71 0.0155694 0.000520463
2.715 0.0155433 0.000516609
2.72 0.0154755 0.000525947
2.725 0.015461 0.000530864
2.73 0.0154057 0.000532159
2.735 0.0153651 0.000528971
2.74 0.0153225 0.00052424
2.745 0.0152507 0.000519399
2.75 0.0152413 0.000514514
2.755 0.0151633 0.000517276
2.76 0.0151121 0.00051934
2.765 0.0150495 0.000520842
2.77 0.01499 0.000526503
2.775 0.0149294 0.000527571
2.78 0.0148682 0.000528947
2.785 0.0148026 0.000535737
2.79 0.0147857 0.000530762
2.795 0.0147427 0.000532809
2.8 0.0147 0.000534829
2.805 0.0146982 0.00052797
2.81 0.0146705 0.000528751
2.815 0.0146291 0.000527013
2.82 0.0145694 0.000524979
2.825 0.0145593 0.000519791
2.83 0.0145202 0.000519709
2.835 0.0144647 0.000521614
2.84 0.0144496 0.000525789
2.845 0.0143712 0.000522247
2.85 0.0143418 0.000525613
2.855 0.0143253 0.000525278
2.86 0.0142808 0.000524846
2.865 0.0142168 0.000521261
2.87 0.0141264 0.000522802
2.875 0.0140885 0.000519254
2.88 0.0140447 0.000516746
2.885 0.0139902 0.000511996
2.89 0.0139639 0.000510944
2.895 0.0139111 0.000509369
2.9 0.013877 0.000511948
2.905 0.0138776 0.000510587
2.91 0.0138112 0.000504242
2.915 0.0137603 0.000498817
2.92 0.0137232 0.000501158
2.925 0.0136465 0.000492518
2.93 0.0136104 0.000486851
2.935 0.0135842 0.000487704
2.94 0.0134994 0.000483042
2.945 0.013446 0.000475601
2.95 0.0134051 0.000471284
2.955 0.0133693 0.000476544
2.96 0.0133066 0.000481245
2.965 0.0132503 0.000483029
2.97 0.0132096 0.000492071
2.975 0.0132012 0.00049314
2.98 0.0131627 0.000492189
2.985 0.0131154 0.000491125
2.99 0.0130814 0.000488107
2.995 0.0130453 0.000490316
3 0.0129799 0.000493619
3.005 0.0129357 0.000496057
