10 0.000708904
110 0.0011362
210 0.00118096
310 0.00118066
410 0.00117217
510 0.0012417
610 0.00116542
710 0.00117395
810 0.00116192
910 0.00113657
1010 0.00123513
1110 0.00118455
1210 0.00114144
1310 0.00125025
1410 0.00113486
1510 0.0011171
1610 0.00115102
1710 0.00126175
1810 0.00120627
1910 0.00114156
2010 0.00106825
2110 0.00111704
2210 0.00109753
2310 0.00123134
2410 0.00118088
2510 0.00114998
2610 0.00119244
2710 0.00114769
2810 0.00104516
2910 0.00116649
3010 0.00114821
3110 0.00116965
3210 0.0011345
3310 0.00121022
3410 0.00118818
3510 0.00129859
3610 0.00102685
3710 0.00109833
3810 0.00133282
3910 0.0010911
4010 0.00116369
4110 0.00127376
4210 0.00112419
4310 0.00127479
4410 0.00100907
4510 0.00109327
4610 0.00100842
4710 0.00124377
4810 0.00125131
4910 0.00120363
