10 0.00392426
110 0.00625715
210 0.006513
310 0.00650133
410 0.00643437
510 0.00685123
610 0.00641003
710 0.00645426
810 0.00637499
910 0.00623636
1010 0.00678548
1110 0.00652197
1210 0.00629512
1310 0.00688108
1410 0.00627452
1510 0.00613107
1610 0.00632904
1710 0.00693732
1810 0.00662784
1910 0.00633347
2010 0.005935
2110 0.00617123
2210 0.00605743
2310 0.00681835
2410 0.00652598
2510 0.00629986
2610 0.00658927
2710 0.00636364
2810 0.00578098
2910 0.00643803
3010 0.00635873
3110 0.00646916
3210 0.00625954
3310 0.00674339
3410 0.00657133
3510 0.00718765
3610 0.00571384
3710 0.00607957
3810 0.00741234
3910 0.00608566
4010 0.00648763
4110 0.00708054
4210 0.00621859
4310 0.00716832
4410 0.00556491
4510 0.00607546
4610 0.00557431
4710 0.00689006
4810 0.00687057
4910 0.00678335
