0  1
1  0.83863
2  0.712203
3  0.619022
4  0.537999
5  0.470112
6  0.409756
7  0.36525
8  0.323754
9  0.277895
10  0.24153
11  0.220852
12  0.203629
13  0.179508
14  0.153574
15  0.12537
16  0.0952898
17  0.0860247
18  0.0791627
19  0.0876232
20  0.0902183
21  0.11392
22  0.119735
23  0.136302
24  0.144298
25  0.139488
26  0.117377
27  0.111905
28  0.10583
29  0.0951026
30  0.0904183
31  0.0882874
32  0.0940823
33  0.0873143
34  0.0644179
35  0.0467714
36  0.0380795
37  0.0394755
38  0.0407017
39  0.0284716
40  0.0250649
41  0.011291
42  -0.00193344
43  -0.00802294
44  -0.00412871
45  -0.00659992
46  -0.0153945
47  -0.028446
48  -0.0327176
49  -0.0419776
50  -0.0546225
51  -0.0582822
52  -0.0509659
53  -0.0371996
54  -0.0156947
55  0.0134912
56  0.0247591
57  0.0259771
58  0.0256502
59  0.0211062
60  0.0141898
61  0.0204358
62  0.0139185
63  0.0113581
64  0.00958866
65  0.00452094
66  -0.00698606
67  -0.0144428
68  -0.0206106
69  -0.0336993
70  -0.0537318
71  -0.0588075
72  -0.0619669
73  -0.0682968
74  -0.0699625
75  -0.0616555
76  -0.0619021
77  -0.0500191
78  -0.0158486
79  0.0132868
80  0.0299176
81  0.0267529
82  0.0179301
83  0.0272851
84  0.0257838
85  0.0306409
86  0.0418628
87  0.0529327
88  0.0469268
89  0.0222093
90  0.0142417
91  0.016492
92  0.0185868
93  0.00850705
94  -0.0150516
95  -0.032008
96  -0.0412723
97  -0.0551834
98  -0.0578484
99  -0.0554273
100  -0.0600298
101  -0.0733679
102  -0.0799792
103  -0.0825586
104  -0.081031
105  -0.0798845
106  -0.0812537
107  -0.0774095
108  -0.0657362
109  -0.0525915
110  -0.04808
111  -0.0336403
112  -0.0206851
113  -0.00966124
114  0.00935767
115  0.0326705
116  0.0490542
117  0.0502488
118  0.0535574
119  0.0700643
120  0.0840269
121  0.0828688
122  0.087097
123  0.100382
124  0.115376
125  0.126451
126  0.121729
127  0.121514
128  0.118811
129  0.113443
130  0.110971
131  0.0908366
132  0.0806525
133  0.0760047
134  0.0581342
135  0.0517151
136  0.0633357
137  0.0708199
138  0.0600639
139  0.0631968
140  0.066211
141  0.0710103
142  0.064051
143  0.049918
144  0.0468091
145  0.0302085
146  0.019457
147  0.0345419
148  0.0512863
149  0.0510018
150  0.0455951
151  0.0373643
152  0.042106
153  0.0433718
154  0.0357445
155  0.0291466
156  0.0208332
157  0.00350088
158  0.00181656
159  -0.0175019
160  -0.00881257
161  0.000552438
162  -0.00329519
163  0.00222137
164  0.00977379
165  0.00302887
166  -0.00326136
167  -0.00958512
168  -0.00450632
169  0.00885843
170  0.00201013
171  -0.000860214
172  -0.000815956
173  0.0076842
174  0.00822039
175  0.0167315
176  0.0168222
177  0.0287731
178  0.0439891
179  0.062567
180  0.0671293
181  0.0545811
182  0.0355901
183  0.010073
184  -0.0185324
185  -0.0206466
186  -0.0374178
187  -0.0603064
188  -0.0826716
189  -0.102044
190  -0.11873
191  -0.125863
192  -0.119225
193  -0.103179
194  -0.0843613
195  -0.0870476
196  -0.0726479
197  -0.0765524
198  -0.0700026
199  -0.0758652
200  -0.073452
201  -0.0596864
202  -0.0508979
203  -0.0503683
204  -0.0463377
205  -0.0572281
206  -0.0737891
207  -0.073664
208  -0.073507
209  -0.0771656
210  -0.0810412
211  -0.0724874
212  -0.0767567
213  -0.0810258
214  -0.0985147
215  -0.101883
216  -0.0841061
217  -0.082154
218  -0.0814634
219  -0.0769089
220  -0.0816821
221  -0.079774
222  -0.0709086
223  -0.0658106
224  -0.0539327
225  -0.0513945
226  -0.0497569
227  -0.0508191
228  -0.0509293
229  -0.0421815
230  -0.0483107
231  -0.0464474
232  -0.0474845
233  -0.0361401
234  -0.0246537
235  -0.0263367
236  -0.0235108
237  -0.0331559
238  -0.0434459
239  -0.0467404
240  -0.0235952
241  -0.00317534
242  0.00195849
243  0.0152547
244  0.02516
245  0.0261289
246  0.0266478
247  0.0361236
248  0.0561668
249  0.0643078
250  0.0726594
251  0.0759825
252  0.10559
253  0.117458
254  0.111925
255  0.114752
256  0.1194
257  0.126323
258  0.123697
259  0.132141
260  0.145894
261  0.156268
262  0.144654
263  0.123291
264  0.108796
265  0.102533
266  0.0932548
267  0.0865762
268  0.0727033
269  0.0669893
270  0.0551757
271  0.040158
272  0.0533102
273  0.0556061
274  0.0489434
275  0.028146
276  0.0188714
277  0.0170126
278  0.00390292
279  -0.0158718
280  -0.00953755
281  -0.0124445
282  -0.0181088
283  -0.0228022
284  0.00514
285  0.0295124
286  0.0179457
287  0.00155407
288  -0.0011126
289  -0.00762348
290  -0.00895837
291  -0.00845627
292  0.00378489
293  0.00471266
294  0.00459787
295  -0.0107365
296  -0.025198
297  -0.0273269
298  -0.0324044
299  -0.0358448
300  -0.049447
301  -0.0446715
302  -0.0448376
303  -0.0480551
304  -0.0630085
305  -0.0607318
306  -0.0629281
307  -0.0872896
308  -0.119997
309  -0.120244
310  -0.12042
311  -0.131535
312  -0.121585
313  -0.105133
314  -0.101473
315  -0.0927351
316  -0.0810923
317  -0.0745095
318  -0.0649096
319  -0.0744753
320  -0.0828595
321  -0.111989
322  -0.13432
323  -0.157324
324  -0.15277
325  -0.153356
326  -0.142298
327  -0.122085
328  -0.105844
329  -0.105564
330  -0.10158
331  -0.0886096
332  -0.0879142
333  -0.0853335
334  -0.0937607
335  -0.090373
336  -0.0760917
337  -0.064401
338  -0.0503946
339  -0.042155
340  -0.0266248
341  -0.0125547
342  -0.0236455
343  -0.0295441
344  -0.0468335
345  -0.0562297
346  -0.0667646
347  -0.0799546
348  -0.0720535
349  -0.0478056
350  -0.0465392
351  -0.0477966
352  -0.0447959
353  -0.0592978
354  -0.0767666
355  -0.0744111
356  -0.0581682
357  -0.0427509
358  -0.0228203
359  -0.0100524
360  0.000451427
361  0.00594547
362  -0.00435269
363  0.0128403
364  0.0288863
365  0.0223255
366  -0.002232
367  -0.0323041
368  -0.0406488
369  -0.051935
370  -0.051739
371  -0.0297529
372  -0.0110457
373  0.0137723
374  0.0194158
375  0.0181722
376  0.0485197
377  0.0607925
378  0.0464103
379  0.0351389
380  0.0221329
381  0.0292248
382  0.046046
383  0.0362598
384  0.0323633
385  0.0442855
386  0.0400495
387  0.0211186
388  0.0047152
389  -0.00404142
390  -0.0105739
391  -0.0154935
392  -0.0180112
393  -0.00557761
394  0.0202023
395  0.0397816
396  0.0638853
397  0.0931304
398  0.0977239
399  0.0804425
400  0.0707951
401  0.0681969
402  0.0600349
403  0.0657195
404  0.0710637
405  0.0810019
406  0.0800284
407  0.0740521
408  0.0717732
409  0.0832756
410  0.0802153
411  0.0777383
412  0.0646356
413  0.0684772
414  0.0687115
415  0.0669283
416  0.0639377
417  0.0673958
418  0.0688555
419  0.0608885
420  0.0620016
421  0.0493665
422  0.0273893
423  -0.0103907
424  -0.0173687
425  -0.0106547
426  -0.0170187
427  -0.0203899
428  -0.00858399
429  0.00276442
430  0.0101382
431  0.00224516
432  -0.0153292
433  -0.0299417
434  -0.0298708
435  -0.0136504
436  -0.0108611
437  -0.0189838
438  -0.00538316
439  -0.00409299
440  0.0111633
441  0.0325972
442  0.0342373
443  0.0261632
444  0.00611638
445  -0.0162057
446  -0.0447916
447  -0.0869411
448  -0.104299
449  -0.10888
450  -0.109374
451  -0.100658
452  -0.101872
453  -0.105821
454  -0.0976106
455  -0.0875821
456  -0.0729641
457  -0.0457357
458  -0.0449777
459  -0.0274022
460  -0.023327
461  -0.011734
462  0.00798809
463  0.0288964
464  0.0455747
465  0.0521798
466  0.0505907
467  0.0435319
468  0.0373021
469  0.0373527
470  0.0248737
471  -0.00804094
472  -0.0218937
473  -0.0249624
474  -0.0308024
475  -0.0315431
476  -0.0419336
477  -0.0480654
478  -0.0185761
479  -0.0203835
480  -0.0245703
481  -0.018638
482  -0.012896
483  -0.0195635
484  -0.0311367
485  -0.0326937
486  -0.0402983
487  -0.0648041
488  -0.058267
489  -0.0559867
490  -0.0564268
491  -0.0514289
492  -0.0511162
493  -0.0475078
494  -0.0413516
495  -0.026296
496  0.00605269
497  0.0502768
498  0.0678784
499  0.0958126
500  0.113058
501  0.136883
502  0.148841
503  0.161039
504  0.153957
505  0.157543
506  0.153323
507  0.130425
508  0.11694
509  0.109035
510  0.104166
511  0.082216
512  0.0553866
513  0.0598282
514  0.0625278
515  0.0522381
516  0.0630504
517  0.0635463
518  0.0859825
519  0.0760222
520  0.094311
521  0.106748
522  0.114978
523  0.123629
524  0.144608
525  0.162994
526  0.17679
527  0.190274
528  0.211821
529  0.222446
530  0.214715
531  0.18492
532  0.165073
533  0.143977
534  0.153094
535  0.140853
536  0.132045
537  0.142917
538  0.124931
539  0.107348
540  0.0946812
541  0.0851597
542  0.0846276
543  0.0887374
544  0.0954555
545  0.117085
546  0.107672
547  0.0829033
548  0.0563843
549  0.0439709
550  0.0405869
551  0.0278387
552  0.00139282
553  -0.00406321
554  0.0153219
555  0.0365037
556  0.0477448
557  0.061105
558  0.0725408
559  0.0646607
560  0.0668094
561  0.0564036
562  0.0617034
563  0.0344243
564  0.0159723
565  0.013022
566  -0.00165802
567  -0.0291047
568  -0.0442821
569  -0.0574502
570  -0.0662185
571  -0.0715449
572  -0.0826546
573  -0.09608
574  -0.116203
575  -0.130548
576  -0.150214
577  -0.134527
578  -0.113229
579  -0.0919076
580  -0.0714317
581  -0.0593761
582  -0.0420583
583  0.00600978
584  0.0298943
585  0.0259071
586  0.0121842
587  0.0112373
588  0.033572
589  0.0769
590  0.100407
591  0.120631
592  0.147764
593  0.176204
594  0.186088
595  0.189865
596  0.187069
597  0.180933
598  0.182751
599  0.168322
600  0.150561
601  0.134767
602  0.121155
603  0.127815
604  0.143922
605  0.171841
606  0.193044
607  0.192601
608  0.197888
609  0.195199
610  0.209522
611  0.224113
612  0.238103
613  0.240365
614  0.203125
615  0.175941
616  0.179642
617  0.176334
618  0.170258
619  0.175792
620  0.179203
621  0.174506
622  0.149542
623  0.112913
624  0.0797747
625  0.0747236
626  0.0515504
627  0.0334376
628  0.0299794
629  0.0427202
630  0.0645469
631  0.0759706
632  0.0650544
633  0.107871
634  0.125109
635  0.115638
636  0.134178
637  0.141923
638  0.149031
639  0.119799
640  0.10071
641  0.0829634
642  0.0757583
643  0.103972
644  0.136408
645  0.162485
646  0.170612
647  0.156575
648  0.142693
649  0.134016
650  0.134478
651  0.134004
652  0.109113
653  0.0955628
654  0.073903
655  0.0464006
656  0.00880304
657  0.00206252
658  0.0343784
659  0.0494519
660  0.0614737
661  0.0808505
662  0.0999815
663  0.101463
664  0.0878986
665  0.0756923
666  0.079439
667  0.0959555
668  0.110784
669  0.124039
670  0.168598
671  0.211369
672  0.234571
673  0.244642
674  0.280566
675  0.285968
676  0.304596
677  0.316368
678  0.331747
679  0.318341
680  0.281927
681  0.272774
682  0.270208
683  0.261699
684  0.224659
685  0.185863
686  0.145894
687  0.0826285
688  0.0331505
689  0.0125961
690  -0.0121597
691  -0.0142057
692  -0.0267134
693  -0.0535207
694  -0.087311
695  -0.0867848
696  -0.095519
697  -0.120307
698  -0.122302
699  -0.114308
700  -0.102414
701  -0.0893325
702  -0.0615488
703  -0.0335672
704  -0.0111083
705  -0.0212698
706  -0.0312194
707  -0.0290929
708  -0.0196701
709  -0.0105114
710  -0.00473143
711  -0.0351155
712  -0.0280628
713  -0.0284197
714  0.00117297
715  0.0273136
716  0.0262106
717  0.00999284
718  -0.00517436
719  -0.0173092
720  -0.0396038
721  -0.0319885
722  -0.0292391
723  -0.0210476
724  -0.0216154
725  -0.00407241
726  0.0029491
727  0.0106661
728  0.0366277
729  0.0513202
730  0.0424804
731  0.086539
732  0.0973751
733  0.106928
734  0.0816739
735  0.0561706
736  0.0391755
737  0.0300785
738  0.00598753
739  -0.0105565
740  -0.0154909
741  -0.0101432
742  -0.0268553
743  -0.0604152
744  -0.0489082
745  -0.0428837
746  -0.0294152
747  -0.025025
748  -0.0743246
749  -0.116787
750  -0.139449
751  -0.189012
752  -0.196335
753  -0.188162
754  -0.158157
755  -0.142896
756  -0.137592
757  -0.105542
758  -0.010755
759  0.0337004
760  0.0644474
761  0.0983778
762  0.112551
763  0.129369
764  0.133764
765  0.108264
766  0.122798
767  0.128903
768  0.156731
769  0.235599
770  0.303951
771  0.32714
772  0.335101
773  0.339659
774  0.325917
775  0.285903
776  0.275956
777  0.266809
778  0.23048
779  0.201761
780  0.181693
781  0.194327
782  0.215061
783  0.21557
784  0.195625
785  0.180807
786  0.169876
787  0.173331
788  0.202292
789  0.221507
790  0.239072
791  0.267573
792  0.274724
793  0.272181
794  0.25289
795  0.232202
796  0.175009
797  0.103704
798  0.0541437
799  0.0558
800  0.0656788
801  0.0723911
802  0.111053
803  0.113674
804  0.0848122
805  0.0399019
806  0.0457389
807  0.074447
808  0.0634787
809  0.0574839
810  0.0803573
811  0.0768687
812  0.0962254
813  0.106862
814  0.164167
815  0.208625
816  0.196493
817  0.150803
818  0.105601
819  0.0306311
820  -0.0544154
821  -0.119738
822  -0.172677
823  -0.231195
824  -0.269775
825  -0.331972
826  -0.354464
827  -0.353866
828  -0.409549
829  -0.408067
830  -0.398138
831  -0.413084
832  -0.421046
833  -0.415932
834  -0.397827
835  -0.406213
836  -0.432134
837  -0.436689
838  -0.424052
839  -0.385733
840  -0.330561
841  -0.251048
842  -0.196526
843  -0.177972
844  -0.122913
845  -0.0572349
846  -0.00414576
847  0.0512918
848  0.0327479
849  0.0416019
850  0.0366467
851  0.0373781
852  0.026349
853  -0.0128314
854  0.0488735
855  0.111726
856  0.23563
857  0.284315
858  0.285106
859  0.293772
860  0.299593
861  0.315943
862  0.359557
863  0.376223
864  0.421068
865  0.44251
866  0.39242
867  0.334653
868  0.304818
869  0.288104
870  0.262986
871  0.200558
872  0.165394
873  0.164895
874  0.17187
875  0.138986
876  0.0648915
877  -0.0245232
878  -0.103385
879  -0.117888
880  -0.160737
881  -0.187457
882  -0.211001
883  -0.243528
884  -0.287865
885  -0.267139
886  -0.203098
887  -0.150451
888  -0.0887261
889  -0.0537059
890  -0.0570944
891  -0.0741578
892  -0.111316
893  -0.0736081
894  -0.0167192
895  0.062292
896  0.101477
897  0.201949
898  0.289577
899  0.294724
900  0.312692
901  0.313941
902  0.377146
903  0.371702
904  0.29238
905  0.256813
906  0.178144
907  0.131345
908  0.121336
909  0.010228
910  0.0124702
911  0.0290348
912  6.55009e-05
913  0.0240004
914  0.0115515
915  -0.128786
916  -0.276882
917  -0.463242
918  -0.505506
919  -0.398641
920  -0.332831
921  -0.227382
922  -0.143526
923  -0.0407624
924  0.0176266
925  0.133946
926  0.181825
927  0.198053
928  0.148061
929  0.129291
930  0.0948412
931  0.0899035
932  0.124883
933  0.190111
934  0.226466
935  0.290314
936  0.272151
937  0.338162
938  0.306156
939  0.321489
940  0.308244
941  0.226707
942  0.245233
943  0.414426
944  0.436824
945  0.298369
946  0.180451
947  0.031703
948  -0.00387244
949  -0.107407
950  -0.292192
951  -0.37651
952  -0.443338
953  -0.622859
954  -0.689527
955  -0.759078
956  -0.693739
957  -0.597618
958  -0.688709
959  -0.725794
960  -0.66535
961  -0.683323
962  -0.565049
963  -0.498189
964  -0.449229
965  -0.308287
966  -0.0869623
967  -0.0493004
968  -0.0301973
969  0.166801
970  0.34897
971  0.545293
972  0.448875
973  0.36845
974  0.415698
975  0.458625
976  0.596685
977  0.605042
978  0.448642
979  0.0868954
980  0.102718
981  0.12572
982  -0.0168255
983  -0.227724
984  -0.257096
985  -0.358793
986  -0.64104
987  -0.976151
988  -0.916019
989  -0.714355
990  -0.433977
991  -0.472668
992  -0.443781
993  -0.350492
994  -0.0676945
995  0.280258
996  0.330596
997  -0.124167
998  -0.216446
999  0
