0  1
1  0.8382
2  0.71034
3  0.61672
4  0.535129
5  0.467657
6  0.408007
7  0.363442
8  0.322889
9  0.277115
10  0.240412
11  0.220051
12  0.203292
13  0.178916
14  0.152474
15  0.123328
16  0.0913752
17  0.0814408
18  0.0757754
19  0.0850683
20  0.0886999
21  0.112756
22  0.117817
23  0.133977
24  0.142213
25  0.138124
26  0.116798
27  0.110827
28  0.103896
29  0.093023
30  0.0869152
31  0.0844916
32  0.0913274
33  0.0844152
34  0.0618717
35  0.0443746
36  0.0361652
37  0.0373241
38  0.038681
39  0.0261059
40  0.0217498
41  0.00680469
42  -0.00638632
43  -0.0132569
44  -0.00896299
45  -0.010092
46  -0.0175183
47  -0.0295704
48  -0.0341417
49  -0.0429264
50  -0.0558114
51  -0.0595638
52  -0.0520565
53  -0.0375889
54  -0.0153906
55  0.0148047
56  0.0274652
57  0.0294889
58  0.0299521
59  0.0254031
60  0.0173717
61  0.0236703
62  0.0176135
63  0.0159687
64  0.0146038
65  0.00951999
66  -0.00120302
67  -0.00810979
68  -0.0143785
69  -0.0280294
70  -0.0472592
71  -0.0523939
72  -0.055139
73  -0.0614281
74  -0.0639627
75  -0.0561161
76  -0.0564721
77  -0.04348
78  -0.0095655
79  0.0195851
80  0.0369175
81  0.0342018
82  0.0256594
83  0.0351719
84  0.0328236
85  0.037338
86  0.0488765
87  0.0588416
88  0.0506978
89  0.0242277
90  0.0153263
91  0.0185512
92  0.0206155
93  0.0103317
94  -0.0124603
95  -0.0286124
96  -0.037501
97  -0.051531
98  -0.0546117
99  -0.0526191
100  -0.0584947
101  -0.0719718
102  -0.0797133
103  -0.0824741
104  -0.0815842
105  -0.0797227
106  -0.0807774
107  -0.0763464
108  -0.0652955
109  -0.0528107
110  -0.0472698
111  -0.0308304
112  -0.0181176
113  -0.00773996
114  0.0111252
115  0.0356363
116  0.0523334
117  0.0537479
118  0.0568396
119  0.0747128
120  0.0885544
121  0.0876986
122  0.0908118
123  0.102986
124  0.117776
125  0.128418
126  0.12411
127  0.124282
128  0.122717
129  0.118242
130  0.116443
131  0.0952476
132  0.0838076
133  0.0780454
134  0.0603773
135  0.0544694
136  0.0665102
137  0.073906
138  0.0628589
139  0.0656241
140  0.068636
141  0.0734316
142  0.0652969
143  0.0508518
144  0.0474994
145  0.0307267
146  0.0193341
147  0.0337575
148  0.0510597
149  0.0499061
150  0.0440103
151  0.035986
152  0.0404343
153  0.04315
154  0.0365449
155  0.0299452
156  0.0212558
157  0.00435274
158  0.00227278
159  -0.01715
160  -0.00881274
161  -0.000932476
162  -0.00599771
163  -0.000880565
164  0.00755907
165  0.00244697
166  -0.00278463
167  -0.00928916
168  -0.00455368
169  0.00935017
170  0.00104501
171  -0.00288824
172  -0.00388651
173  0.00424413
174  0.00481239
175  0.0137643
176  0.0141782
177  0.0262377
178  0.0417294
179  0.0603018
180  0.0635871
181  0.0505345
182  0.0320427
183  0.00721817
184  -0.0211207
185  -0.0242229
186  -0.0407365
187  -0.0636371
188  -0.0858011
189  -0.104928
190  -0.121869
191  -0.129542
192  -0.123352
193  -0.10797
194  -0.089407
195  -0.0922608
196  -0.0776902
197  -0.0818458
198  -0.0740138
199  -0.0798865
200  -0.0780143
201  -0.0647999
202  -0.0561798
203  -0.0548776
204  -0.0503342
205  -0.0597846
206  -0.0757037
207  -0.0749343
208  -0.0755472
209  -0.0802841
210  -0.0834818
211  -0.0751204
212  -0.080202
213  -0.0849563
214  -0.101351
215  -0.103304
216  -0.0859228
217  -0.0834752
218  -0.0840801
219  -0.081066
220  -0.0866411
221  -0.0833997
222  -0.0757796
223  -0.0718381
224  -0.0615887
225  -0.0597463
226  -0.0573994
227  -0.0575751
228  -0.0549275
229  -0.0459018
230  -0.0526781
231  -0.0498465
232  -0.0506959
233  -0.0389858
234  -0.0277921
235  -0.0302561
236  -0.0284792
237  -0.0396527
238  -0.0500598
239  -0.0525733
240  -0.0281847
241  -0.00705293
242  -0.000617369
243  0.0142342
244  0.0257096
245  0.0273807
246  0.0287926
247  0.0377256
248  0.0546012
249  0.0618149
250  0.0697981
251  0.0726681
252  0.103392
253  0.114891
254  0.109719
255  0.113007
256  0.117888
257  0.124784
258  0.122157
259  0.130424
260  0.144399
261  0.153832
262  0.140581
263  0.118649
264  0.105118
265  0.099112
266  0.0905298
267  0.0854149
268  0.0710552
269  0.0652537
270  0.0533274
271  0.0383215
272  0.051659
273  0.0548817
274  0.0477551
275  0.0252796
276  0.0148295
277  0.0126221
278  -0.000154745
279  -0.0189744
280  -0.0123634
281  -0.0145702
282  -0.0204093
283  -0.0269155
284  0.00025538
285  0.023556
286  0.0100503
287  -0.00904371
288  -0.0123265
289  -0.0200852
290  -0.0210767
291  -0.0206885
292  -0.00872043
293  -0.00810179
294  -0.00758925
295  -0.0225186
296  -0.0370911
297  -0.0395403
298  -0.0432558
299  -0.0451274
300  -0.0586715
301  -0.0530608
302  -0.0534297
303  -0.0568113
304  -0.0709789
305  -0.0674451
306  -0.0690465
307  -0.093582
308  -0.127697
309  -0.126741
310  -0.126449
311  -0.138045
312  -0.127818
313  -0.110802
314  -0.106218
315  -0.096715
316  -0.0841394
317  -0.0769689
318  -0.0672134
319  -0.0755429
320  -0.0846683
321  -0.113939
322  -0.134853
323  -0.155466
324  -0.147979
325  -0.14955
326  -0.138339
327  -0.117068
328  -0.100768
329  -0.100983
330  -0.096884
331  -0.0847318
332  -0.0850306
333  -0.0828464
334  -0.0913248
335  -0.088333
336  -0.075093
337  -0.0614044
338  -0.0458956
339  -0.037192
340  -0.0228025
341  -0.00985158
342  -0.0205594
343  -0.0253006
344  -0.0409586
345  -0.0503059
346  -0.0621941
347  -0.0756767
348  -0.0680545
349  -0.0441656
350  -0.0434146
351  -0.0455603
352  -0.0445528
353  -0.0618376
354  -0.0827206
355  -0.0809451
356  -0.0648295
357  -0.0504831
358  -0.0308092
359  -0.0189246
360  -0.0099764
361  -0.00566638
362  -0.0155826
363  0.00292915
364  0.0192468
365  0.0134536
366  -0.0114566
367  -0.0411542
368  -0.0498183
369  -0.0605574
370  -0.0598301
371  -0.0369735
372  -0.0182246
373  0.00651968
374  0.0117176
375  0.0101522
376  0.0416936
377  0.0558251
378  0.0425014
379  0.0322189
380  0.0196238
381  0.0273188
382  0.0458208
383  0.0359385
384  0.0338117
385  0.0464096
386  0.0431416
387  0.0246424
388  0.00945607
389  0.00217935
390  -0.00525957
391  -0.00984494
392  -0.0125367
393  -0.000256603
394  0.0249402
395  0.0446427
396  0.0687737
397  0.0988745
398  0.102919
399  0.0859873
400  0.0759222
401  0.073416
402  0.0650589
403  0.0702631
404  0.0742947
405  0.0835451
406  0.0818712
407  0.0743235
408  0.0710977
409  0.081115
410  0.0775377
411  0.0735495
412  0.0583897
413  0.0621091
414  0.0636225
415  0.0632089
416  0.0605713
417  0.0649834
418  0.0672011
419  0.0588252
420  0.0587421
421  0.0466991
422  0.026116
423  -0.00875761
424  -0.0156738
425  -0.00820992
426  -0.0135576
427  -0.0164001
428  -0.00403222
429  0.00934018
430  0.0170167
431  0.00989589
432  -0.00762984
433  -0.0225215
434  -0.0228953
435  -0.00586899
436  -0.00430821
437  -0.0142499
438  -0.00126796
439  -0.00127049
440  0.0122623
441  0.0325828
442  0.0328018
443  0.0256665
444  0.00502309
445  -0.0175902
446  -0.046306
447  -0.0894144
448  -0.108625
449  -0.113131
450  -0.111681
451  -0.103271
452  -0.103408
453  -0.106435
454  -0.0975471
455  -0.0870423
456  -0.072644
457  -0.042263
458  -0.0399182
459  -0.0211365
460  -0.0162107
461  -0.00442717
462  0.0172937
463  0.03993
464  0.0578167
465  0.0637827
466  0.0601284
467  0.0537102
468  0.047261
469  0.0449124
470  0.0303696
471  -0.00315444
472  -0.0174202
473  -0.0213037
474  -0.0288745
475  -0.0306203
476  -0.0423547
477  -0.0502123
478  -0.0210585
479  -0.0248711
480  -0.0310538
481  -0.0273966
482  -0.0232158
483  -0.0287883
484  -0.0394041
485  -0.039702
486  -0.045934
487  -0.0699897
488  -0.0646187
489  -0.0636273
490  -0.063603
491  -0.0587213
492  -0.0567035
493  -0.0522892
494  -0.0471639
495  -0.0330539
496  0.000560797
497  0.0480424
498  0.0675794
499  0.0952564
500  0.112783
501  0.135705
502  0.148638
503  0.160639
504  0.153623
505  0.158054
506  0.15434
507  0.13225
508  0.12002
509  0.112602
510  0.106887
511  0.0839416
512  0.0573383
513  0.0623595
514  0.0654284
515  0.0545441
516  0.0650262
517  0.0670443
518  0.0898583
519  0.0788918
520  0.0953708
521  0.106518
522  0.115685
523  0.124412
524  0.14707
525  0.166807
526  0.181466
527  0.19433
528  0.214544
529  0.22426
530  0.216532
531  0.187077
532  0.167423
533  0.14606
534  0.154139
535  0.140414
536  0.130983
537  0.142326
538  0.125763
539  0.108771
540  0.0975045
541  0.0894376
542  0.0911732
543  0.0948344
544  0.101087
545  0.124676
546  0.116462
547  0.0892072
548  0.0636107
549  0.0511243
550  0.0475638
551  0.0337922
552  0.00610721
553  -0.000279989
554  0.0168041
555  0.036948
556  0.0471555
557  0.059768
558  0.0691887
559  0.0617649
560  0.0645665
561  0.0548234
562  0.0600369
563  0.0346284
564  0.0155557
565  0.0103771
566  -0.00524036
567  -0.0333273
568  -0.050538
569  -0.0646838
570  -0.0721109
571  -0.0739277
572  -0.0838218
573  -0.0962227
574  -0.113636
575  -0.12893
576  -0.149325
577  -0.135474
578  -0.114796
579  -0.094269
580  -0.0730541
581  -0.0616955
582  -0.0436825
583  0.0070587
584  0.0348246
585  0.0317225
586  0.0183445
587  0.0174338
588  0.0370194
589  0.0790808
590  0.0996765
591  0.119607
592  0.14686
593  0.173393
594  0.182213
595  0.186178
596  0.183683
597  0.177348
598  0.179632
599  0.16351
600  0.143809
601  0.127865
602  0.111669
603  0.11835
604  0.135174
605  0.162327
606  0.183257
607  0.183308
608  0.189602
609  0.188562
610  0.204113
611  0.218775
612  0.233224
613  0.235788
614  0.197487
615  0.171712
616  0.176752
617  0.174276
618  0.170423
619  0.177849
620  0.181461
621  0.176153
622  0.150993
623  0.114165
624  0.0818003
625  0.0772628
626  0.0526823
627  0.0324996
628  0.0300898
629  0.0425186
630  0.0635833
631  0.0745317
632  0.0647472
633  0.108306
634  0.126544
635  0.115459
636  0.130978
637  0.136734
638  0.144371
639  0.117167
640  0.0988223
641  0.0813004
642  0.0742699
643  0.103075
644  0.135551
645  0.16321
646  0.173532
647  0.16251
648  0.147807
649  0.139649
650  0.141398
651  0.141781
652  0.116363
653  0.102827
654  0.0792692
655  0.0515363
656  0.013918
657  0.00823425
658  0.0424165
659  0.0566803
660  0.0681252
661  0.0876937
662  0.106816
663  0.106528
664  0.0947158
665  0.0825698
666  0.0857777
667  0.102399
668  0.116388
669  0.13025
670  0.176504
671  0.218892
672  0.243214
673  0.253062
674  0.288285
675  0.294484
676  0.314358
677  0.327909
678  0.343301
679  0.33097
680  0.29462
681  0.283819
682  0.279549
683  0.270108
684  0.230338
685  0.188741
686  0.148219
687  0.0856977
688  0.0351227
689  0.0154545
690  -0.00852139
691  -0.0100514
692  -0.0223876
693  -0.0479719
694  -0.08064
695  -0.0798275
696  -0.0873118
697  -0.112694
698  -0.117771
699  -0.110676
700  -0.100099
701  -0.0854724
702  -0.0548616
703  -0.0271007
704  -0.00451228
705  -0.0159833
706  -0.0267317
707  -0.0229459
708  -0.0133588
709  -0.00360293
710  -0.000666383
711  -0.0328154
712  -0.0270273
713  -0.0269234
714  0.00389822
715  0.0310164
716  0.0301664
717  0.0132094
718  -0.00317842
719  -0.0122883
720  -0.031978
721  -0.0257546
722  -0.0263803
723  -0.0194592
724  -0.020371
725  -0.00199372
726  0.00686166
727  0.0163954
728  0.0452077
729  0.059515
730  0.0503848
731  0.0968139
732  0.110192
733  0.121032
734  0.0988961
735  0.0746639
736  0.0568512
737  0.0449765
738  0.0170095
739  -0.00139742
740  -0.0096769
741  -0.00661755
742  -0.0226634
743  -0.0537206
744  -0.0366026
745  -0.0278916
746  -0.0166985
747  -0.0111802
748  -0.0604781
749  -0.102652
750  -0.129329
751  -0.179875
752  -0.18768
753  -0.179665
754  -0.149497
755  -0.130646
756  -0.124308
757  -0.0912665
758  0.00687697
759  0.057397
760  0.0883553
761  0.121161
762  0.134741
763  0.150055
764  0.153406
765  0.127526
766  0.140275
767  0.147006
768  0.175051
769  0.25227
770  0.320862
771  0.340917
772  0.346034
773  0.350777
774  0.335902
775  0.293171
776  0.28294
777  0.274035
778  0.239605
779  0.210896
780  0.191953
781  0.207505
782  0.229171
783  0.23018
784  0.212596
785  0.195873
786  0.183895
787  0.190533
788  0.220947
789  0.238053
790  0.252681
791  0.278322
792  0.284837
793  0.280719
794  0.261317
795  0.238437
796  0.178068
797  0.106604
798  0.0568256
799  0.0584649
800  0.0694481
801  0.0763508
802  0.116992
803  0.119757
804  0.0903785
805  0.0464497
806  0.0531831
807  0.0810728
808  0.0709462
809  0.0650374
810  0.089557
811  0.087263
812  0.10531
813  0.117024
814  0.172527
815  0.211855
816  0.197731
817  0.147951
818  0.100133
819  0.0179018
820  -0.068548
821  -0.13708
822  -0.192237
823  -0.249842
824  -0.286754
825  -0.344803
826  -0.362286
827  -0.359461
828  -0.410913
829  -0.409296
830  -0.397508
831  -0.414705
832  -0.422872
833  -0.418659
834  -0.405138
835  -0.410104
836  -0.426666
837  -0.427123
838  -0.414607
839  -0.375239
840  -0.322517
841  -0.241055
842  -0.183969
843  -0.162521
844  -0.105238
845  -0.0416981
846  0.00756324
847  0.0605583
848  0.0437608
849  0.054853
850  0.0542182
851  0.0595856
852  0.0470528
853  0.00844431
854  0.0680596
855  0.130652
856  0.254634
857  0.298449
858  0.296199
859  0.299556
860  0.304417
861  0.321402
862  0.364607
863  0.381214
864  0.423414
865  0.444997
866  0.396189
867  0.335149
868  0.303525
869  0.288393
870  0.255949
871  0.189533
872  0.149507
873  0.147213
874  0.1558
875  0.121622
876  0.0466651
877  -0.0418895
878  -0.11982
879  -0.131077
880  -0.173515
881  -0.201253
882  -0.227536
883  -0.257454
884  -0.299621
885  -0.279755
886  -0.225196
887  -0.1711
888  -0.101041
889  -0.061302
890  -0.0685601
891  -0.0893817
892  -0.127931
893  -0.0905709
894  -0.0380619
895  0.0399283
896  0.076793
897  0.177147
898  0.268398
899  0.274402
900  0.298101
901  0.301878
902  0.362363
903  0.357116
904  0.276432
905  0.235491
906  0.152167
907  0.102756
908  0.0944155
909  -0.0189343
910  -0.00917748
911  0.0070437
912  -0.0164551
913  0.0213539
914  0.0137196
915  -0.129626
916  -0.282097
917  -0.468728
918  -0.511564
919  -0.408655
920  -0.346397
921  -0.244352
922  -0.156416
923  -0.0497315
924  0.0183346
925  0.137046
926  0.181891
927  0.20383
928  0.16054
929  0.156632
930  0.131076
931  0.127259
932  0.155531
933  0.223588
934  0.265976
935  0.336642
936  0.325079
937  0.399149
938  0.365097
939  0.369366
940  0.353016
941  0.266046
942  0.2829
943  0.446726
944  0.457552
945  0.312668
946  0.17613
947  0.0159531
948  -0.0255762
949  -0.137148
950  -0.328658
951  -0.427898
952  -0.491214
953  -0.668917
954  -0.736671
955  -0.807664
956  -0.748884
957  -0.660206
958  -0.75406
959  -0.787486
960  -0.728107
961  -0.74005
962  -0.598091
963  -0.514049
964  -0.473095
965  -0.341649
966  -0.126052
967  -0.0815225
968  -0.0482844
969  0.154098
970  0.332816
971  0.510332
972  0.406925
973  0.318301
974  0.379679
975  0.427729
976  0.549454
977  0.566253
978  0.416435
979  0.056373
980  0.0773478
981  0.115387
982  -0.0403685
983  -0.263094
984  -0.308661
985  -0.42287
986  -0.685603
987  -1.00794
988  -0.939111
989  -0.728667
990  -0.475015
991  -0.48988
992  -0.440462
993  -0.285789
994  -0.0130332
995  0.303667
996  0.356815
997  -0.0966151
998  -0.199815
999  0
