0 -0.464874 0
1 -0.476759 0.0118856
2 -0.482811 0.00914938
3 -0.482211 0.00649735
4 -0.475779 0.008167
5 -0.481831 0.00900525
6 -0.484316 0.00800637
7 -0.487255 0.00753076
8 -0.472976 0.0157477
9 -0.475649 0.0143365
10 -0.470268 0.01404
11 -0.471919 0.0129225
12 -0.461751 0.0156422
13 -0.469752 0.016545
14 -0.47225 0.0156039
15 -0.473659 0.0146639
16 -0.4728 0.0138011
17 -0.474881 0.0131771
18 -0.474803 0.0124645
19 -0.476555 0.011954
20 -0.473766 0.0117076
21 -0.464459 0.0145333
22 -0.463728 0.0139063
23 -0.464952 0.0133704
24 -0.464647 0.0128281
25 -0.471285 0.0139986
26 -0.467583 0.0139696
27 -0.468115 0.013472
28 -0.466183 0.0131419
29 -0.46531 0.0127263
30 -0.465481 0.0123101
31 -0.468902 0.0124003
32 -0.469837 0.012055
33 -0.469088 0.0117191
34 -0.472219 0.0118021
35 -0.472065 0.0114706
36 -0.4701 0.011328
37 -0.468772 0.0111056
38 -0.467039 0.010955
39 -0.46713 0.010678
40 -0.465468 0.0105462
41 -0.465932 0.0103025
42 -0.467568 0.0101922
43 -0.46922 0.010094
44 -0.467858 0.00996061
45 -0.468653 0.00977403
46 -0.4689 0.00956699
47 -0.46941 0.00937942
48 -0.470969 0.00931745
49 -0.471338 0.00913664
50 -0.4716 0.00895953
51 -0.469529 0.00902632
52 -0.469609 0.00885473
53 -0.470691 0.00875641
54 -0.468901 0.00878012
55 -0.46963 0.00865266
56 -0.469872 0.00850295
57 -0.469706 0.0083567
58 -0.469021 0.00824236
59 -0.468267 0.00813882
60 -0.467088 0.00809067
61 -0.467013 0.00795946
62 -0.466612 0.00784235
63 -0.465699 0.00777262
64 -0.465626 0.00765246
65 -0.465964 0.00754317
66 -0.467094 0.00751531
67 -0.467138 0.0074041
68 -0.467767 0.00732307
69 -0.468749 0.00728419
70 -0.469076 0.00718831
71 -0.469866 0.0071316
72 -0.470593 0.00707074
73 -0.469806 0.00701884
74 -0.469295 0.00694343
75 -0.469384 0.00685203
76 -0.468721 0.00679487
77 -0.465968 0.0072502
78 -0.46535 0.00718444
79 -0.465144 0.00709706
80 -0.465346 0.00701181
81 -0.465488 0.00692723
82 -0.464918 0.00686696
83 -0.465728 0.00683299
84 -0.465308 0.00676519
85 -0.465802 0.00670425
86 -0.46712 0.00675671
87 -0.466939 0.00668194
88 -0.466833 0.00660728
89 -0.469019 0.00688952
90 -0.470544 0.00698183
91 -0.469989 0.00692778
92 -0.470717 0.00689145
93 -0.470984 0.00682298
94 -0.470676 0.00675783
95 -0.469232 0.00684121
96 -0.469256 0.00677036
97 -0.469137 0.00670197
98 -0.468501 0.0066644
99 -0.468511 0.00659743
