0 -0.539107 0
1 -0.503997 0.0351102
2 -0.475898 0.0346479
3 -0.475402 0.0245048
4 -0.478308 0.0192025
5 -0.452405 0.0302789
6 -0.442708 0.027366
7 -0.432064 0.02598
8 -0.431552 0.0229179
9 -0.427586 0.0208787
10 -0.424145 0.0191963
11 -0.42544 0.0175715
12 -0.425835 0.0161682
13 -0.427029 0.0150165
14 -0.428458 0.0140524
15 -0.43061 0.0133197
16 -0.426487 0.0131734
17 -0.428214 0.0125396
18 -0.429099 0.0118942
19 -0.4352 0.0128277
20 -0.436205 0.0122428
21 -0.436184 0.0116731
22 -0.440574 0.0119869
23 -0.440425 0.0114776
24 -0.44626 0.01246
25 -0.44976 0.0124721
26 -0.450902 0.0120556
27 -0.451119 0.0116191
28 -0.457087 0.0127003
29 -0.458254 0.0123251
30 -0.4434 0.0190464
31 -0.445151 0.0185246
32 -0.445283 0.0179549
33 -0.444185 0.0174534
34 -0.441216 0.0172055
35 -0.442446 0.0167659
36 -0.439235 0.0166195
37 -0.437094 0.0163173
38 -0.436484 0.0159051
39 -0.434483 0.0156309
40 -0.433785 0.0152609
41 -0.431831 0.0150207
42 -0.429747 0.0148146
43 -0.426392 0.0148578
44 -0.426191 0.0145252
45 -0.426157 0.014206
46 -0.428468 0.0140912
47 -0.428556 0.0137948
48 -0.428877 0.0135142
49 -0.43137 0.0134738
50 -0.43306 0.0133146
51 -0.43259 0.0130646
52 -0.433237 0.012832
53 -0.433908 0.01261
54 -0.435279 0.0124543
55 -0.435914 0.0122464
56 -0.437189 0.012097
57 -0.438512 0.01196
58 -0.440845 0.0119849
59 -0.441634 0.0118098
60 -0.440568 0.0116634
61 -0.44158 0.0115183
62 -0.441649 0.0113342
63 -0.439966 0.011282
64 -0.441685 0.0112394
65 -0.440917 0.0110944
66 -0.441585 0.0109479
67 -0.441379 0.0107877
68 -0.44128 0.0106307
69 -0.442323 0.0105295
70 -0.44412 0.0105345
71 -0.44494 0.0104195
72 -0.443581 0.0103652
73 -0.4436 0.0102242
74 -0.444595 0.0101359
75 -0.445509 0.0100433
76 -0.443012 0.0102217
77 -0.442601 0.0100982
78 -0.442758 0.00997079
79 -0.442012 0.00987355
80 -0.438448 0.0103819
81 -0.438743 0.0102588
82 -0.439311 0.0101503
83 -0.439316 0.0100288
84 -0.440032 0.00993588
85 -0.440005 0.0098197
86 -0.441396 0.00980544
87 -0.441953 0.00970932
88 -0.441243 0.00962581
89 -0.441138 0.00951884
90 -0.440534 0.00943302
91 -0.440474 0.00933011
92 -0.440351 0.00923006
93 -0.441333 0.00918392
94 -0.441261 0.00908701
95 -0.442165 0.00903725
96 -0.4419 0.00894755
97 -0.442669 0.00888914
98 -0.442403 0.00880291
99 -0.442564 0.00871592
