0.01 31.8795
0.10999 31.006
0.20998 29.9404
0.30997 30.0353
0.40996 31.9566
0.50995 31.9189
0.60994 23.9637
0.70993 30.5247
0.80992 23.7594
0.90991 28.6631
1.0099 24.7444
1.10989 26.387
1.20988 20.6412
1.30987 22.049
1.40986 20.1615
1.50985 23.5043
1.60984 27.6499
1.70983 23.7179
1.80982 20.6297
1.90981 23.3946
2.0098 18.3786
2.10979 19.1728
2.20978 17.6658
2.30977 16.7911
2.40976 17.1223
2.50975 17.8236
2.60974 20.6603
2.70973 18.4193
2.80972 17.9371
2.90971 16.4517
3.0097 19.7599
3.10969 17.7739
3.20968 18.9413
3.30967 16.6777
3.40966 17.4162
3.50965 17.4647
3.60964 17.1135
3.70963 16.4349
3.80962 13.4351
3.90961 16.8092
4.0096 14.7265
4.10959 16.366
4.20958 14.5489
4.30957 15.3831
4.40956 12.6258
4.50955 14.3236
4.60954 12.6948
4.70953 13.2219
4.80952 14.9131
4.90951 15.2347
5.0095 14.4343
5.10949 14.9023
5.20948 12.6918
5.30947 11.4502
5.40946 13.7605
5.50945 12.6152
5.60944 11.7498
5.70943 11.965
5.80942 11.2649
5.90941 13.1095
6.0094 12.5218
6.10939 11.4409
6.20938 11.1855
6.30937 13.1168
6.40936 11.2356
6.50935 10.8854
6.60934 10.2806
6.70933 11.4187
6.80932 10.9482
6.90931 10.9582
7.0093 10.6437
7.10929 11.4886
7.20928 11.4033
7.30927 12.4416
7.40926 11.4259
7.50925 11.157
7.60924 10.9355
7.70923 11.5583
7.80922 11.1195
7.90921 10.6989
8.0092 9.93124
8.10919 10.18
8.20918 10.9912
8.30917 10.2985
8.40916 10.4817
8.50915 10.3672
8.60914 11.0791
8.70913 11.002
8.80912 10.2902
8.90911 11.129
9.0091 12.3871
9.10909 10.7631
9.20908 11.311
9.30907 10.6638
9.40906 10.0573
9.50905 10.432
9.60904 10.4336
9.70903 10.3843
9.80902 11.1309
9.90901 10.4296
10.009 10.5661
10.109 10.3808
10.209 11.3982
10.309 10.7942
10.409 10.3166
10.509 10.2657
10.6089 10.4341
10.7089 10.1917
10.8089 9.98965
10.9089 10.9674
11.0089 11.2871
11.1089 10.6932
11.2089 10.1044
11.3089 11.3078
11.4089 10.3473
11.5089 10.7559
11.6088 10.2705
11.7088 10.56
11.8088 10.5616
11.9088 9.99744
12.0088 9.74881
12.1088 10.0864
12.2088 9.52284
12.3088 9.94328
12.4088 9.7014
12.5088 9.62699
12.6087 9.62142
12.7087 9.70629
12.8087 9.46654
12.9087 9.67173
13.0087 9.81894
13.1087 9.69554
13.2087 9.30967
13.3087 9.36355
13.4087 10.6957
13.5087 9.32131
13.6086 9.70776
13.7086 10.1103
13.8086 9.70557
13.9086 9.5636
14.0086 9.74889
14.1086 9.51632
14.2086 10.1559
14.3086 10.051
14.4086 10.1968
14.5086 10.2424
14.6085 9.95664
14.7085 10.3915
14.8085 9.59456
14.9085 9.47715
15.0085 9.72889
15.1085 9.54632
15.2085 9.59335
15.3085 9.86309
15.4085 9.55044
15.5085 9.99018
15.6084 9.85618
15.7084 9.6788
15.8084 9.52898
15.9084 9.70322
16.0084 9.63782
16.1084 9.581
16.2084 9.41657
16.3084 9.32131
16.4084 9.4177
16.5083 9.4906
16.6083 9.92324
16.7083 9.66851
16.8083 9.9208
16.9083 9.55565
17.0083 9.78623
17.1083 9.83283
17.2083 9.77737
17.3083 10.0041
17.4083 9.63916
17.5082 9.57914
17.6082 9.54325
17.7082 9.67173
17.8082 9.35833
17.9082 9.53508
18.0082 9.66897
18.1082 9.80855
18.2082 9.3752
18.3082 9.47083
18.4082 9.59022
18.5081 9.59509
18.6081 9.5657
18.7081 9.65599
18.8081 9.65195
18.9081 9.30532
19.0081 9.46305
19.1081 9.30532
19.2081 9.55023
19.3081 9.49254
19.4081 9.57824
19.508 9.63072
19.608 9.42655
19.708 9.42855
19.808 9.37325
19.908 9.62235
20.008 9.36355
20.108 9.30967
20.208 9.35298
20.308 9.46558
20.408 9.29475
20.5079 9.28311
20.6079 9.40244
20.7079 9.57806
20.8079 9.6146
20.9079 9.54632
21.0079 9.6512
21.1079 9.8141
21.2079 9.78103
21.3079 9.34134
21.4079 9.30967
21.5078 9.34134
21.6078 9.32131
21.7078 9.41265
21.8078 9.55099
21.9078 9.71336
22.0078 9.53996
22.1078 9.40199
22.2078 9.29475
22.3078 9.30532
22.4078 9.34669
22.5077 9.37977
22.6077 9.31696
22.7077 9.37977
22.8077 9.57607
22.9077 9.28311
23.0077 9.43887
23.1077 9.32131
23.2077 9.39765
23.3077 9.36355
23.4077 9.30967
23.5076 9.30967
23.6076 9.34134
23.7076 9.30967
23.8076 9.32131
23.9076 9.43887
24.0076 9.41559
24.1076 9.29475
24.2076 9.7034
24.3076 9.34352
24.4076 9.30967
24.5075 9.40395
24.6075 9.32131
24.7075 9.31696
24.8075 9.49378
24.9075 9.30532
25.0075 9.31696
25.1075 9.42465
25.2075 9.28311
25.3075 9.47917
25.4075 9.34134
25.5074 9.30967
25.6074 9.45766
25.7074 9.39079
25.8074 9.70809
25.9074 9.30532
26.0074 9.28311
26.1074 9.56849
26.2074 9.28311
26.3074 9.37977
26.4074 9.31696
26.5073 9.3689
26.6073 9.34669
26.7073 9.55947
26.8073 9.35833
26.9073 9.41922
27.0073 9.38054
27.1073 9.42465
27.2073 9.34669
27.3073 9.31696
27.4073 9.397
27.5072 9.29475
27.6072 9.38054
27.7072 9.34669
27.8072 9.29475
27.9072 9.34669
28.0072 9.28311
28.1072 9.30532
28.2072 9.47402
28.3072 9.29475
28.4072 9.30967
28.5071 9.37325
28.6071 9.55554
28.7071 9.41265
28.8071 9.34352
28.9071 9.33188
29.0071 9.33188
29.1071 9.30532
29.2071 9.51154
29.3071 9.397
29.4071 9.31696
29.507 9.29475
29.607 9.30532
29.707 9.30532
29.807 9.29475
29.907 9.4083
30.007 9.34669
30.107 9.35833
30.207 9.29475
30.307 9.28311
30.407 9.28311
30.5069 9.29475
30.6069 9.30532
30.7069 9.3689
30.8069 9.31696
30.9069 9.28311
31.0069 9.53996
31.1069 9.61301
31.2069 9.38054
31.3069 9.28311
31.4069 9.39773
31.5068 9.31696
31.6068 9.28311
31.7068 9.30532
31.8068 9.28311
31.9068 9.38609
32.0068 9.28311
32.1068 9.29475
32.2068 9.29475
32.3068 9.29475
32.4068 9.35833
32.5067 9.28311
32.6067 9.28311
32.7067 9.28311
32.8067 9.29475
32.9067 9.31696
33.0067 9.31696
33.1067 9.28311
33.2067 9.4177
33.3067 9.30532
33.4067 9.29475
33.5066 9.28311
33.6066 9.29475
33.7066 9.28311
33.8066 9.41241
33.9066 9.28311
34.0066 9.28311
34.1066 9.29475
34.2066 9.28311
34.3066 9.29475
34.4066 9.28311
34.5065 9.30532
34.6065 9.31696
34.7065 9.35833
34.8065 9.32131
34.9065 9.33188
35.0065 9.47033
35.1065 9.28311
35.2065 9.37977
35.3065 9.31696
35.4065 9.34669
35.5064 9.31696
35.6064 9.28311
35.7064 9.28311
35.8064 9.50079
35.9064 9.32131
36.0064 9.42855
36.1064 9.42204
36.2064 9.30967
36.3064 9.34352
36.4064 9.30967
36.5063 9.34352
36.6063 9.33188
36.7063 9.37325
36.8063 9.30967
36.9063 9.36355
37.0063 9.30967
37.1063 9.30967
37.2063 9.30967
37.3063 9.32131
37.4063 9.4471
37.5062 9.45524
37.6062 9.43486
37.7062 9.30967
37.8062 9.4071
37.9062 9.32131
38.0062 9.33188
38.1062 9.32131
38.2062 9.33188
38.3062 9.3752
38.4062 9.34134
38.5061 9.39546
38.6061 9.28311
38.7061 9.28311
38.8061 9.28311
38.9061 9.30532
39.0061 9.41922
39.1061 9.29475
39.2061 9.29475
39.3061 9.30532
39.4061 9.28311
39.506 9.28311
39.606 9.28311
39.706 9.29475
39.806 9.40199
39.906 9.28311
40.006 9.28311
40.106 9.29475
40.206 9.28311
40.306 9.29475
40.406 9.31696
40.5059 9.40199
40.6059 9.39548
40.7059 9.31696
40.8059 9.28311
40.9059 9.41031
41.0059 9.30967
41.1059 9.30967
41.2059 9.34134
41.3059 9.33188
41.4059 9.30967
41.5058 9.30967
41.6058 9.35298
41.7058 9.30967
41.8058 9.30967
41.9058 9.33188
42.0058 9.32131
42.1058 9.30967
42.2058 9.30967
42.3058 9.33188
42.4058 9.29475
42.5057 9.30967
42.6057 9.30967
42.7057 9.30967
42.8057 9.31696
42.9057 9.30532
43.0057 9.30532
43.1057 9.28311
43.2057 9.28311
43.3057 9.28311
43.4057 9.31696
43.5056 9.28311
43.6056 9.38054
43.7056 9.28311
43.8056 9.3689
43.9056 9.29475
44.0056 9.28311
44.1056 9.34669
44.2056 9.29475
44.3056 9.29475
44.4056 9.28311
44.5055 9.31696
44.6055 9.31696
44.7055 9.30532
44.8055 9.28311
44.9055 9.28311
45.0055 9.30532
45.1055 9.28311
45.2055 9.29475
45.3055 9.35298
45.4055 9.28311
45.5054 9.28311
45.6054 9.28311
45.7054 9.30532
45.8054 9.28311
45.9054 9.31696
46.0054 9.29475
46.1054 9.397
46.2054 9.28311
46.3054 9.31696
46.4054 9.31696
46.5053 9.29475
46.6053 9.44336
46.7053 9.38609
46.8053 9.28311
46.9053 9.28311
47.0053 9.30532
47.1053 9.30532
47.2053 9.28311
47.3053 9.28311
47.4053 9.29475
47.5052 9.29475
47.6052 9.30532
47.7052 9.28311
47.8052 9.28311
47.9052 9.29475
48.0052 9.28311
48.1052 9.30532
48.2052 9.28311
48.3052 9.29475
48.4052 9.28311
48.5051 9.28311
48.6051 9.30532
48.7051 9.30532
48.8051 9.29475
48.9051 9.28311
49.0051 9.29475
49.1051 9.29475
49.2051 9.28311
49.3051 9.40199
49.4051 9.37977
49.505 9.28311
49.605 9.30532
49.705 9.29475
49.805 9.28311
49.905 9.31696
50.005 9.31696
50.105 9.29475
50.205 9.28311
50.305 9.40395
50.405 9.30532
50.5049 9.31696
50.6049 9.30532
50.7049 9.31696
50.8049 9.28311
50.9049 9.28311
51.0049 9.31696
51.1049 9.28311
51.2049 9.28311
51.3049 9.28311
51.4049 9.28311
51.5048 9.30532
51.6048 9.29475
51.7048 9.28311
51.8048 9.29475
51.9048 9.29475
52.0048 9.29475
52.1048 9.31696
52.2048 9.28311
52.3048 9.29475
52.4048 9.29475
52.5047 9.28311
52.6047 9.28311
52.7047 9.29475
52.8047 9.29475
52.9047 9.28311
53.0047 9.31696
53.1047 9.28311
53.2047 9.29475
53.3047 9.28311
53.4047 9.28311
53.5046 9.29475
53.6046 9.28311
53.7046 9.28311
53.8046 9.29475
53.9046 9.29475
54.0046 9.32131
54.1046 9.30967
54.2046 9.30967
54.3046 9.30967
54.4046 9.30967
54.5045 9.30967
54.6045 9.33188
54.7045 9.30967
54.8045 9.32131
54.9045 9.32131
55.0045 9.36355
55.1045 9.30967
55.2045 9.32131
55.3045 9.33188
55.4045 9.33188
55.5044 9.32131
55.6044 9.30967
55.7044 9.30967
55.8044 9.30967
55.9044 9.30967
56.0044 9.30967
56.1044 9.32131
56.2044 9.30967
56.3044 9.32131
56.4044 9.30967
56.5043 9.32131
56.6043 9.30967
56.7043 9.33188
56.8043 9.30967
56.9043 9.30967
57.0043 9.33188
57.1043 9.36355
57.2043 9.34134
57.3043 9.30967
57.4043 9.30967
57.5042 9.30967
57.6042 9.35298
57.7042 9.30967
57.8042 9.35298
57.9042 9.32131
58.0042 9.30967
58.1042 9.30967
58.2042 9.30967
58.3042 9.32131
58.4042 9.32131
58.5041 9.32131
58.6041 9.30967
58.7041 9.30967
58.8041 9.32131
58.9041 9.30967
59.0041 9.30967
59.1041 9.32131
59.2041 9.34134
59.3041 9.34134
59.4041 9.34352
59.504 9.32131
59.604 9.32131
59.704 9.30967
59.804 9.32131
59.904 9.32131
60.004 9.30967
60.104 9.32131
60.204 9.32131
60.304 9.32131
60.404 9.30967
60.5039 9.34134
60.6039 9.30967
60.7039 9.30967
60.8039 9.30967
60.9039 9.30967
61.0039 9.30967
61.1039 9.32131
61.2039 9.30967
61.3039 9.32131
61.4039 9.32131
61.5038 9.36355
61.6038 9.33188
61.7038 9.32131
61.8038 9.30967
61.9038 9.34134
62.0038 9.35298
62.1038 9.30967
62.2038 9.32131
62.3038 9.32131
62.4038 9.30967
62.5037 9.32131
62.6037 9.33188
62.7037 9.30967
62.8037 9.30967
62.9037 9.35298
63.0037 9.32131
63.1037 9.32131
63.2037 9.30967
63.3037 9.33188
63.4037 9.35298
63.5036 9.32131
63.6036 9.30967
63.7036 9.34134
63.8036 9.30967
63.9036 9.30967
64.0036 9.30967
64.1036 9.34352
64.2036 9.33188
64.3036 9.47745
64.4036 9.30967
64.5035 9.30967
64.6035 9.36355
64.7035 9.33188
64.8035 9.32131
64.9035 9.30967
65.0035 9.30967
65.1035 9.30967
65.2035 9.30967
65.3035 9.32131
65.4035 9.30967
65.5034 9.36355
65.6034 9.34352
65.7034 9.34134
65.8034 9.3752
65.9034 9.32131
66.0034 9.30967
66.1034 9.35298
66.2034 9.32131
66.3034 9.30967
66.4034 9.33188
66.5033 9.30967
66.6033 9.32131
66.7033 9.30967
66.8033 9.30967
66.9033 9.30967
67.0033 9.30967
67.1033 9.30967
67.2033 9.30967
67.3033 9.32131
67.4033 9.32131
67.5032 9.33188
67.6032 9.32131
67.7032 9.32131
67.8032 9.32131
67.9032 9.35298
68.0032 9.33188
68.1032 9.33188
68.2032 9.33188
68.3032 9.30967
68.4032 9.32131
68.5031 9.30967
68.6031 9.34134
68.7031 9.32131
68.8031 9.32131
68.9031 9.32131
69.0031 9.30967
69.1031 9.30967
69.2031 9.30967
69.3031 9.30967
69.4031 9.30967
69.503 9.32131
69.603 9.30967
69.703 9.30967
69.803 9.30967
69.903 9.32131
70.003 9.33188
70.103 9.32131
70.203 9.32131
70.303 9.32131
70.403 9.30967
70.5029 9.30967
70.6029 9.38489
70.7029 9.32131
70.8029 9.32131
70.9029 9.32131
71.0029 9.30967
71.1029 9.30967
71.2029 9.33188
71.3029 9.36355
71.4029 9.38489
71.5028 9.32131
71.6028 9.30967
71.7028 9.30967
71.8028 9.30967
71.9028 9.30967
72.0028 9.32131
72.1028 9.32131
72.2028 9.32131
72.3028 9.32131
72.4028 9.34134
72.5027 9.34134
72.6027 9.30967
72.7027 9.30967
72.8027 9.32131
72.9027 9.34352
73.0027 9.30967
73.1027 9.30967
73.2027 9.30967
73.3027 9.30967
73.4027 9.33188
73.5026 9.30967
73.6026 9.32131
73.7026 9.30967
73.8026 9.30967
73.9026 9.33188
74.0026 9.36355
74.1026 9.30967
74.2026 9.34134
74.3026 9.30967
74.4026 9.30967
74.5025 9.34134
74.6025 9.34134
74.7025 9.32131
74.8025 9.30967
74.9025 9.30967
75.0025 9.34352
75.1025 9.34352
75.2025 9.30967
75.3025 9.33188
75.4025 9.32131
75.5024 9.32131
75.6024 9.30967
75.7024 9.32131
75.8024 9.30967
75.9024 9.30967
76.0024 9.30967
76.1024 9.33188
76.2024 9.34134
76.3024 9.30967
76.4024 9.30967
76.5023 9.34352
76.6023 9.34352
76.7023 9.34352
76.8023 9.30967
76.9023 9.30967
77.0023 9.33188
77.1023 9.30967
77.2023 9.30967
77.3023 9.34352
77.4023 9.34352
77.5022 9.34352
77.6022 9.32131
77.7022 9.32131
77.8022 9.34134
77.9022 9.32131
78.0022 9.32131
78.1022 9.32131
78.2022 9.30967
78.3022 9.33188
78.4022 9.30967
78.5021 9.30967
78.6021 9.30967
78.7021 9.30967
78.8021 9.30967
78.9021 9.34352
79.0021 9.33188
79.1021 9.32131
79.2021 9.30967
79.3021 9.32131
79.4021 9.30967
79.502 9.33188
79.602 9.30967
79.702 9.32131
79.802 9.30967
79.902 9.30967
80.002 9.30967
80.102 9.30967
80.202 9.30967
80.302 9.30967
80.402 9.30967
80.502 9.30967
80.6019 9.30967
80.7019 9.30967
80.8019 9.30967
80.9019 9.30967
81.0019 9.30967
81.1019 9.30967
81.2019 9.30967
81.3019 9.30967
81.4019 9.30967
81.5019 9.30967
81.6018 9.30967
81.7018 9.30967
81.8018 9.30967
81.9018 9.30967
82.0018 9.30967
82.1018 9.30967
82.2018 9.30967
82.3018 9.30967
82.4018 9.30967
82.5018 9.30967
82.6017 9.30967
82.7017 9.30967
82.8017 9.30967
82.9017 9.30967
83.0017 9.30967
83.1017 9.30967
83.2017 9.30967
83.3017 9.30967
83.4017 9.30967
83.5017 9.30967
83.6016 9.30967
83.7016 9.30967
83.8016 9.30967
83.9016 9.30967
84.0016 9.30967
84.1016 9.30967
84.2016 9.30967
84.3016 9.30967
84.4016 9.30967
84.5016 9.30967
84.6015 9.30967
84.7015 9.30967
84.8015 9.30967
84.9015 9.30967
85.0015 9.30967
85.1015 9.30967
85.2015 9.30967
85.3015 9.30967
85.4015 9.30967
85.5015 9.30967
85.6014 9.30967
85.7014 9.30967
85.8014 9.30967
85.9014 9.30967
86.0014 9.30967
86.1014 9.30967
86.2014 9.30967
86.3014 9.30967
86.4014 9.30967
86.5014 9.30967
86.6013 9.30967
86.7013 9.30967
86.8013 9.30967
86.9013 9.30967
87.0013 9.30967
87.1013 9.30967
87.2013 9.30967
87.3013 9.30967
87.4013 9.30967
87.5013 9.30967
87.6012 9.30967
87.7012 9.30967
87.8012 9.30967
87.9012 9.30967
88.0012 9.30967
88.1012 9.30967
88.2012 9.30967
88.3012 9.30967
88.4012 9.30967
88.5012 9.30967
88.6011 9.30967
88.7011 9.30967
88.8011 9.30967
88.9011 9.30967
89.0011 9.30967
89.1011 9.30967
89.2011 9.30967
89.3011 9.30967
89.4011 9.30967
89.5011 9.30967
89.601 9.30967
89.701 9.30967
89.801 9.30967
89.901 9.30967
