           1         0.2         0.2           0
           2         0.2         0.2           0
           3         0.2         0.2        -nan
           4         0.2         0.2           0
           5         0.2         0.2           0
           6         0.2         0.2 1.52084e-09
           7         0.2         0.2 9.95626e-10
           8         0.2         0.2 1.31709e-09
           9         0.2         0.2 1.24176e-09
          10         0.2         0.2  1.4428e-09
          11         0.2         0.2 1.37565e-09
          12         0.2         0.2 1.31709e-09
          13         0.2         0.2 1.03321e-09
          14         0.2         0.2 9.95626e-10
          15         0.2         0.2 6.80142e-10
          16         0.2         0.2 6.58545e-10
          17         0.2         0.2 6.38882e-10
          18         0.2         0.2        -nan
          19         0.2         0.2        -nan
          20         0.2         0.2  5.8902e-10
           1         0.2         0.2           0
           2         0.2         0.2           0
           3         0.2         0.2        -nan
           4         0.2         0.2           0
           5         0.2         0.2           0
           6         0.2         0.2 1.52084e-09
           7         0.2         0.2 9.95626e-10
           8         0.2         0.2 1.31709e-09
           9         0.2         0.2 1.24176e-09
          10         0.2         0.2  1.4428e-09
          11         0.2         0.2 1.37565e-09
          12         0.2         0.2 1.31709e-09
          13         0.2         0.2 1.03321e-09
          14         0.2         0.2 9.95626e-10
          15         0.2         0.2 6.80142e-10
          16         0.2         0.2 6.58545e-10
          17         0.2         0.2 6.38882e-10
          18         0.2         0.2        -nan
          19         0.2         0.2        -nan
          20         0.2         0.2  5.8902e-10
           1   -0.463232   -0.463232           0
           2   -0.461928    -0.46258 0.000461034
           3   -0.463488   -0.462883 0.000394384
           4   -0.459432    -0.46202 0.000803515
           5   -0.460288   -0.461674 0.000713583
           6    -0.46296   -0.461888 0.000626034
           1         0.2         0.2           0
           2         0.2         0.2           0
           3         0.2         0.2        -nan
           4         0.2         0.2           0
           5         0.2         0.2           0
           6         0.2         0.2 1.52084e-09
           7         0.2         0.2 9.95626e-10
           8         0.2         0.2 1.31709e-09
           9         0.2         0.2 1.24176e-09
          10         0.2         0.2  1.4428e-09
          11         0.2         0.2 1.37565e-09
          12         0.2         0.2 1.31709e-09
          13         0.2         0.2 1.03321e-09
          14         0.2         0.2 9.95626e-10
          15         0.2         0.2 6.80142e-10
          16         0.2         0.2 6.58545e-10
          17         0.2         0.2 6.38882e-10
          18         0.2         0.2        -nan
          19         0.2         0.2        -nan
          20         0.2         0.2  5.8902e-10
           1   -0.463024   -0.463024           0
           2   -0.462352   -0.462688 0.000237588
           3    -0.46144   -0.462272 0.000374778
           4    -0.46044   -0.461814 0.000486139
           5   -0.460144    -0.46148 0.000490405
           6   -0.464768   -0.462028  0.00064596
           7    -0.46436   -0.462361 0.000633791
           8   -0.465232    -0.46272 0.000648248
           9    -0.46016   -0.462436  0.00063557
          10    -0.46428    -0.46262 0.000598178
          11   -0.460976   -0.462471 0.000562159
          12   -0.459792   -0.462247 0.000557869
          13   -0.458816   -0.461983 0.000574012
          14    -0.46128   -0.461933 0.000535205
          15    -0.45912   -0.461746 0.000531369
          16   -0.462624     -0.4618 0.000500986
          17   -0.462992   -0.461871 0.000476394
          18   -0.461408   -0.461845  0.00045062
          19      -0.461     -0.4618 0.000429092
          20   -0.458264   -0.461624 0.000442573
           1   -0.463024   -0.463024           0
           2   -0.462352   -0.462688 0.000237588
           3    -0.46144   -0.462272 0.000374778
           4    -0.46044   -0.461814 0.000486139
           5   -0.460144    -0.46148 0.000490405
           6   -0.464768   -0.462028  0.00064596
           7    -0.46436   -0.462361 0.000633791
           8   -0.465232    -0.46272 0.000648248
           9    -0.46016   -0.462436  0.00063557
          10    -0.46428    -0.46262 0.000598178
          11   -0.460976   -0.462471 0.000562159
          12   -0.459792   -0.462247 0.000557869
          13   -0.458816   -0.461983 0.000574012
          14    -0.46128   -0.461933 0.000535205
          15    -0.45912   -0.461746 0.000531369
          16   -0.462624     -0.4618 0.000500986
          17   -0.462992   -0.461871 0.000476394
          18   -0.461408   -0.461845  0.00045062
          19      -0.461     -0.4618 0.000429092
          20   -0.458264   -0.461624 0.000442573
