0 4.96972 0
1 4.85113 0.118584
2 4.80012 0.0853821
3 4.75716 0.0740964
4 4.81085 0.078592
5 4.81886 0.0646683
6 4.77976 0.0672016
7 4.8541 0.0944121
8 4.85002 0.0833633
9 4.86092 0.0753539
10 4.81202 0.0838849
11 4.87109 0.0967107
12 4.87797 0.0892268
13 4.87918 0.0826168
14 4.90152 0.0800925
15 4.94616 0.0872112
16 4.94703 0.0819252
17 4.94729 0.0772403
18 4.95984 0.074131
19 4.96427 0.0704662
20 4.96222 0.0670581
21 4.94643 0.0658571
22 4.97139 0.0676965
23 4.97365 0.0648538
24 4.96274 0.0631549
25 4.96477 0.0607111
26 4.96583 0.0584289
27 4.95684 0.0570164
28 4.96464 0.0555653
29 4.9718 0.054156
30 4.97371 0.0524147
31 4.97052 0.0508505
32 4.96591 0.0495006
33 4.97423 0.0487386
34 4.9758 0.0473515
35 4.96252 0.0478949
36 4.96267 0.0465827
37 4.96461 0.0453818
38 4.97192 0.0448037
39 4.97979 0.0443723
40 4.98449 0.0435306
41 4.99195 0.0431316
42 4.99974 0.0428316
43 4.99782 0.0418908
44 5.01008 0.0427436
45 5.00923 0.0418126
46 5.01395 0.0411845
47 5.01425 0.0403185
48 5.01337 0.0394969
49 5.01512 0.0387386
50 5.01599 0.0379814
51 5.00779 0.0381362
52 5.00956 0.0374514
53 5.01291 0.036904
54 5.01157 0.0362515
55 5.00646 0.0359641
56 5.00018 0.0358806
57 4.9938 0.03583
58 4.99454 0.0352253
59 4.99124 0.0347901
60 4.98883 0.0342999
61 4.987 0.0337916
62 4.98745 0.033254
63 4.98434 0.0328771
64 4.98396 0.0323696
65 4.98075 0.0320367
66 4.97444 0.0321796
67 4.9741 0.0317045
68 4.97755 0.0314311
69 4.97342 0.0312525
70 4.97594 0.0309115
71 4.97807 0.0305539
72 4.97774 0.0301343
73 4.9781 0.0297266
74 4.9818 0.0295598
75 4.98057 0.0291943
76 4.97868 0.0288747
77 4.98344 0.0288974
78 4.97777 0.0290882
79 4.98339 0.0292673
80 4.97944 0.0291714
81 4.97898 0.0288171
82 4.97675 0.0285553
83 4.97608 0.0282213
84 4.97725 0.0279121
85 4.9795 0.0276768
86 4.97879 0.0273661
87 4.97325 0.027615
88 4.97326 0.027303
89 4.97851 0.0275028
90 4.98188 0.0274073
91 4.98483 0.0272678
92 4.98507 0.0269741
93 4.98575 0.0266942
94 4.98655 0.0264239
95 4.9802 0.0269067
96 4.97617 0.0269313
97 4.97526 0.0266705
98 4.97391 0.0264342
99 4.97361 0.0261703
