0.3 166.481 0.0837872
0.305 163.721 0.089855
0.31 161.015 0.123531
0.315 158.312 0.27252
0.32 155.769 0.265061
0.325 153.335 0.24615
0.33 150.909 0.248078
0.335 148.59 0.238669
0.34 146.402 0.169987
0.345 144.066 0.211133
0.35 141.8 0.221149
0.355 139.611 0.221975
0.36 137.441 0.238656
0.365 135.413 0.207989
0.37 133.1 0.300025
0.375 131.266 0.24061
0.38 129.068 0.278467
0.385 126.975 0.288586
0.39 124.907 0.320121
0.395 122.911 0.332949
0.4 120.922 0.337856
0.405 119.003 0.319141
0.41 116.718 0.398121
0.415 114.982 0.353226
0.42 113.265 0.343805
0.425 111.424 0.329974
0.43 109.325 0.39862
0.435 107.201 0.344452
0.44 104.892 0.456727
0.445 102.103 0.455218
0.45 100.066 0.387478
0.455 98.155 0.392934
0.46 95.797 0.391849
0.465 94.0973 0.276045
0.47 91.9474 0.433236
0.475 89.5324 0.394573
0.48 87.0428 0.438516
0.485 84.8972 0.523295
0.49 82.3908 0.561403
0.495 80.2696 0.535572
0.5 78.7663 0.524189
0.505 76.9288 0.458832
0.51 74.4656 0.407073
0.515 72.3064 0.457072
0.52 71.0427 0.463978
0.525 69.1496 0.526492
0.53 66.993 0.537112
0.535 65.1945 0.399826
0.54 63.0274 0.411057
0.545 61.4421 0.451731
0.55 59.5331 0.457441
0.555 57.88 0.452397
0.56 56.6729 0.371254
0.565 54.5733 0.362627
0.57 52.9113 0.398963
0.575 51.2042 0.438137
0.58 50.032 0.453025
0.585 48.6983 0.436673
0.59 46.8586 0.430552
0.595 45.665 0.27829
0.6 44.4483 0.2755
0.605 42.7623 0.296763
0.61 41.5787 0.351629
0.615 40.097 0.311056
0.62 38.7969 0.285051
0.625 37.7431 0.257277
0.63 36.2202 0.318967
0.635 35.2279 0.308462
0.64 34.3983 0.220693
0.645 33.3279 0.264006
0.65 32.5243 0.298916
0.655 31.8781 0.226711
0.66 30.9136 0.272612
0.665 30.4543 0.232377
0.67 28.9126 0.230823
0.675 28.2009 0.188023
0.68 27.6747 0.218273
0.685 27.0252 0.195512
0.69 26.6329 0.187748
0.695 25.4123 0.190305
0.7 24.8488 0.118701
0.705 24.0098 0.220748
0.71 23.0325 0.196659
0.715 22.725 0.163757
0.72 22.1109 0.170375
0.725 21.3483 0.14298
0.73 21.069 0.134936
0.735 20.3243 0.125576
0.74 19.9863 0.133769
0.745 19.4951 0.128637
0.75 18.9555 0.124429
0.755 18.9062 0.0937423
0.76 18.1984 0.118888
0.765 17.8849 0.117388
0.77 17.386 0.118634
0.775 16.8276 0.112865
0.78 16.7502 0.109924
0.785 16.5374 0.0882277
0.79 15.9149 0.0932496
0.795 15.5042 0.10024
0.8 15.2961 0.135664
0.805 15.0025 0.0846814
0.81 14.4526 0.116572
0.815 14.1823 0.093379
0.82 13.9619 0.102922
0.825 13.6557 0.0851422
0.83 13.3902 0.0636699
0.835 13.0912 0.077929
0.84 12.7746 0.0575279
0.845 12.5914 0.0708481
0.85 12.3731 0.0835843
0.855 12.1512 0.0587851
0.86 11.934 0.0615411
0.865 11.7409 0.0901029
0.87 11.3331 0.0449389
0.875 11.1968 0.0576809
0.88 11.1119 0.0786898
0.885 10.9723 0.0635592
0.89 10.6263 0.0683211
0.895 10.39 0.0440365
0.9 10.2976 0.0413608
0.905 10.0995 0.052287
0.91 9.89665 0.057164
0.915 9.73978 0.056745
0.92 9.58832 0.0558354
0.925 9.3991 0.0570764
0.93 9.25316 0.0499123
0.935 9.08287 0.0560933
0.94 8.90638 0.0461709
0.945 8.76678 0.0395734
0.95 8.59057 0.0334024
0.955 8.47652 0.0476508
0.96 8.30407 0.0357292
0.965 8.18565 0.0313799
0.97 8.06627 0.0529227
0.975 7.93699 0.0429258
0.98 7.8971 0.0396656
0.985 7.75607 0.0374286
0.99 7.53602 0.0297404
0.995 7.4907 0.0381751
1 7.3803 0.0404215
1.005 7.28472 0.0407583
1.01 7.16118 0.0243394
1.015 7.00697 0.0318001
1.02 6.90669 0.0360358
1.025 6.86153 0.037096
1.03 6.77481 0.0308955
1.035 6.68537 0.0258283
1.04 6.58005 0.0384252
1.045 6.4955 0.0294333
1.05 6.41657 0.0266037
1.055 6.36976 0.0207526
1.06 6.25441 0.0209981
1.065 6.15943 0.0312988
1.07 6.02916 0.0275911
1.075 6.01234 0.028107
1.08 5.90881 0.0225646
1.085 5.82243 0.0194873
1.09 5.74157 0.0254371
1.095 5.67171 0.0205216
1.1 5.63074 0.0257581
1.105 5.51762 0.0203317
1.11 5.4709 0.0267989
1.115 5.37542 0.0241101
1.12 5.33765 0.0254406
1.125 5.29744 0.0180192
1.13 5.22782 0.0208712
1.135 5.13344 0.0111231
1.14 5.09474 0.0225542
1.145 5.02832 0.0255159
1.15 4.9648 0.0195727
1.155 4.87901 0.0229149
1.16 4.84521 0.0200167
1.165 4.8139 0.0172198
1.17 4.74263 0.0198805
1.175 4.6987 0.015458
1.18 4.64647 0.0152203
1.185 4.58156 0.0235652
1.19 4.52806 0.0135724
1.195 4.47018 0.0166478
1.2 4.41397 0.012754
1.205 4.3557 0.0157523
1.21 4.30871 0.0149514
1.215 4.26202 0.0160396
1.22 4.21039 0.0186369
1.225 4.18343 0.0145986
1.23 4.14153 0.0102692
1.235 4.07603 0.0116123
1.24 4.03166 0.0110823
1.245 4.02095 0.0118144
1.25 3.95835 0.0131593
1.255 3.90914 0.0116029
1.26 3.88752 0.0148488
1.265 3.86047 0.0123606
1.27 3.79469 0.013607
1.275 3.76243 0.0160445
1.28 3.72196 0.0113538
1.285 3.69297 0.0131579
1.29 3.65671 0.0112671
1.295 3.61391 0.0157729
1.3 3.59019 0.0130164
1.305 3.55286 0.00852837
1.31 3.51256 0.00979624
1.315 3.47126 0.0112388
1.32 3.461 0.0115524
1.325 3.41798 0.0135537
1.33 3.40254 0.0104856
1.335 3.34484 0.00744212
1.34 3.34156 0.0115369
1.345 3.30328 0.011271
1.35 3.26519 0.0102979
1.355 3.22239 0.00889667
1.36 3.2038 0.010172
1.365 3.18165 0.00782323
1.37 3.14793 0.00765208
1.375 3.11655 0.00940665
1.38 3.08944 0.0104431
1.385 3.06433 0.0105385
1.39 3.04396 0.00847438
1.395 2.99836 0.00843122
1.4 2.99829 0.0116845
1.405 2.94949 0.0111554
1.41 2.93605 0.00852168
1.415 2.91257 0.00942338
1.42 2.87495 0.00740216
1.425 2.86161 0.00853063
1.43 2.8394 0.00788867
1.435 2.8044 0.00708147
1.44 2.79274 0.00538844
1.445 2.75189 0.00984418
1.45 2.742 0.00827569
1.455 2.71649 0.00597094
1.46 2.70206 0.00960537
1.465 2.67005 0.00755242
1.47 2.65852 0.00795878
1.475 2.61442 0.00672029
1.48 2.61542 0.00823911
1.485 2.60077 0.00866489
1.49 2.56375 0.0090019
1.495 2.55637 0.00996877
1.5 2.53647 0.00755083
1.505 2.5151 0.00500944
1.51 2.49722 0.00686545
1.515 2.47795 0.00498006
1.52 2.44849 0.00540968
1.525 2.43434 0.00828
1.53 2.41594 0.00768417
1.535 2.39333 0.00762814
1.54 2.38785 0.00483371
1.545 2.35617 0.00707129
1.55 2.35214 0.00635076
1.555 2.32352 0.00589344
1.56 2.30576 0.00663456
1.565 2.30615 0.00660217
1.57 2.2745 0.00685884
1.575 2.25236 0.00537797
1.58 2.24862 0.0050397
1.585 2.23143 0.00548505
1.59 2.21282 0.00420279
1.595 2.20113 0.00448194
1.6 2.18918 0.00566856
1.605 2.16813 0.00366149
1.61 2.15217 0.00554363
1.615 2.14069 0.00585304
1.62 2.12358 0.00540221
1.625 2.11623 0.00555283
1.63 2.08714 0.0063987
1.635 2.07692 0.00605073
1.64 2.06804 0.00565777
1.645 2.04962 0.00519756
1.65 2.03532 0.00454926
1.655 2.02782 0.00548057
1.66 2.00814 0.00533384
1.665 1.99512 0.0047556
1.67 1.98192 0.00476968
1.675 1.97384 0.00451005
1.68 1.95894 0.00389824
1.685 1.95615 0.0060843
1.69 1.93811 0.00494434
1.695 1.92303 0.00406093
1.7 1.907 0.00418115
1.705 1.89017 0.0045351
1.71 1.88123 0.00505099
1.715 1.86937 0.00477642
1.72 1.86585 0.00362329
1.725 1.85353 0.00406746
1.73 1.83934 0.00404608
1.735 1.8269 0.0066815
1.74 1.81001 0.00523755
1.745 1.7999 0.00402348
1.75 1.78957 0.00381283
1.755 1.78924 0.00474626
1.76 1.77072 0.00419535
1.765 1.76241 0.00387629
1.77 1.75041 0.00332405
1.775 1.74006 0.00340954
1.78 1.73218 0.00379841
1.785 1.71885 0.00396383
1.79 1.70516 0.00339631
1.795 1.69926 0.00339992
1.8 1.68685 0.00402097
1.805 1.68002 0.00342823
1.81 1.665 0.00590295
1.815 1.65704 0.00432454
1.82 1.6479 0.00401865
1.825 1.63615 0.00416134
1.83 1.63211 0.00402191
1.835 1.62549 0.00331808
1.84 1.61732 0.00330593
1.845 1.60237 0.00390858
1.85 1.59208 0.00350117
1.855 1.57944 0.00437387
1.86 1.57111 0.0028083
1.865 1.57305 0.00461141
1.87 1.56152 0.0042423
1.875 1.55283 0.00351066
1.88 1.53746 0.00288071
1.885 1.53329 0.00357443
1.89 1.52606 0.00425848
1.895 1.51056 0.00263949
1.9 1.50314 0.0031251
1.905 1.49941 0.00331335
1.91 1.49057 0.00395342
1.915 1.48209 0.00346795
1.92 1.47868 0.00272836
1.925 1.47148 0.00409938
1.93 1.46046 0.00359749
1.935 1.45715 0.00357422
1.94 1.44799 0.002923
1.945 1.43705 0.00278542
1.95 1.42994 0.00303941
1.955 1.42378 0.00273758
1.96 1.41746 0.00310113
1.965 1.40604 0.0032387
1.97 1.4017 0.00230775
1.975 1.3945 0.00257162
1.98 1.38334 0.00254829
1.985 1.38435 0.00270589
1.99 1.37856 0.00308
1.995 1.366 0.0032991
2 1.36068 0.00303553
2.005 1.3559 0.00303872
2.01 1.3447 0.00233873
2.015 1.34107 0.00267949
2.02 1.32916 0.00219919
2.025 1.33053 0.00286084
2.03 1.32354 0.00284254
2.035 1.31124 0.00278766
2.04 1.30947 0.00292238
2.045 1.2968 0.00257056
2.05 1.29165 0.00273748
2.055 1.28892 0.00192517
2.06 1.28281 0.00255386
2.065 1.27468 0.00321397
2.07 1.26876 0.00241798
2.075 1.25851 0.00268547
2.08 1.25892 0.00224952
2.085 1.24492 0.00150236
2.09 1.24332 0.00232798
2.095 1.24056 0.00254256
2.1 1.23648 0.00317397
2.105 1.22878 0.00370396
2.11 1.22226 0.002433
2.115 1.21304 0.00173426
2.12 1.21474 0.00299547
2.125 1.20512 0.00242873
2.13 1.20041 0.00213356
2.135 1.18979 0.00211231
2.14 1.18866 0.00246253
2.145 1.18619 0.00316398
2.15 1.18022 0.00305987
2.155 1.1759 0.00267135
2.16 1.16765 0.00288976
2.165 1.16597 0.00308871
2.17 1.15581 0.00180978
2.175 1.15076 0.00294524
2.18 1.14477 0.0026347
2.185 1.14399 0.00242352
2.19 1.14113 0.00187215
2.195 1.13134 0.00226957
2.2 1.12845 0.00238271
2.205 1.12167 0.00256579
2.21 1.11825 0.00223552
2.215 1.11648 0.00247945
2.22 1.10984 0.0024439
2.225 1.10658 0.00209276
2.23 1.09799 0.00135304
2.235 1.09442 0.00235344
2.24 1.09143 0.00261175
2.245 1.08562 0.00193558
2.25 1.08122 0.00222013
2.255 1.07508 0.00125281
2.26 1.07164 0.00166473
2.265 1.06492 0.00216172
2.27 1.06591 0.00197729
2.275 1.06068 0.00283447
2.28 1.0543 0.00192225
2.285 1.04855 0.00172091
2.29 1.04571 0.00264606
2.295 1.0421 0.00202877
2.3 1.04113 0.00229508
2.305 1.02905 0.00160998
2.31 1.02983 0.00207831
2.315 1.02532 0.00196055
2.32 1.0204 0.00202494
2.325 1.02053 0.00185492
2.33 1.01291 0.00145756
2.335 1.01179 0.00147017
2.34 1.00661 0.0013667
2.345 1.0009 0.0027456
2.35 0.998101 0.00170477
2.355 0.997301 0.00221081
2.36 0.990123 0.00195101
2.365 0.989066 0.00160401
2.37 0.981297 0.00172303
2.375 0.977252 0.00214582
2.38 0.973556 0.00174254
2.385 0.971332 0.00196124
2.39 0.968258 0.00187416
2.395 0.966071 0.00249496
2.4 0.960229 0.00202468
2.405 0.956198 0.00145825
2.41 0.949598 0.00163264
2.415 0.950994 0.00173042
2.42 0.941781 0.00197547
2.425 0.945687 0.00144358
2.43 0.938866 0.00165116
2.435 0.933755 0.00213906
2.44 0.92703 0.00242101
2.445 0.92807 0.00210524
2.45 0.924805 0.00221974
2.455 0.919051 0.0017992
2.46 0.914391 0.00174187
2.465 0.912648 0.00154458
2.47 0.911626 0.00149518
2.475 0.90664 0.0019711
2.48 0.90488 0.00154219
2.485 0.898749 0.00231955
2.49 0.898139 0.00149929
2.495 0.889626 0.00179412
2.5 0.890184 0.00175576
2.505 0.886936 0.00164614
2.51 0.882666 0.00146604
2.515 0.879462 0.00177637
2.52 0.878677 0.00160953
2.525 0.871441 0.00153317
2.53 0.87288 0.00214394
2.535 0.867852 0.00140089
2.54 0.865752 0.00149525
2.545 0.860582 0.0012473
2.55 0.859627 0.00209137
2.555 0.855468 0.00161064
2.56 0.85527 0.00173246
2.565 0.848924 0.0017821
2.57 0.846847 0.00165972
2.575 0.844628 0.00143066
2.58 0.842984 0.00129994
2.585 0.839518 0.00153357
2.59 0.835948 0.00129376
2.595 0.831855 0.00148385
2.6 0.828821 0.00131314
2.605 0.828146 0.0018265
2.61 0.823708 0.00176637
2.615 0.822019 0.00185456
2.62 0.818509 0.0014915
2.625 0.818843 0.00185999
2.63 0.81288 0.00159132
2.635 0.812326 0.0012642
2.64 0.811168 0.0016387
2.645 0.805867 0.0012878
2.65 0.804049 0.00197783
2.655 0.798163 0.00127741
2.66 0.79797 0.00139241
2.665 0.79419 0.00101936
2.67 0.789481 0.00165844
2.675 0.790354 0.00164229
2.68 0.787851 0.00162564
2.685 0.784972 0.00159385
2.69 0.78083 0.00150184
2.695 0.777121 0.0012922
2.7 0.776672 0.00127965
2.705 0.773675 0.00163347
2.71 0.773663 0.00157095
2.715 0.767663 0.00130806
2.72 0.766398 0.0013233
2.725 0.762332 0.00112226
2.73 0.761812 0.00139055
2.735 0.761624 0.00114159
2.74 0.757586 0.00130121
2.745 0.753596 0.00138429
2.75 0.753565 0.00106502
2.755 0.747943 0.00102713
2.76 0.748553 0.00114833
2.765 0.745869 0.00135219
2.77 0.74204 0.0014031
2.775 0.740756 0.000690316
2.78 0.739368 0.00106539
2.785 0.734757 0.00155995
2.79 0.732336 0.00125609
2.795 0.730808 0.00135891
2.8 0.727447 0.00101598
2.805 0.72859 0.00139498
2.81 0.726259 0.00170802
2.815 0.723769 0.00166828
2.82 0.719917 0.00101734
2.825 0.715789 0.00118324
2.83 0.718586 0.0014696
2.835 0.714125 0.00136862
2.84 0.712459 0.00114891
2.845 0.709528 0.00137551
2.85 0.707871 0.000961552
2.855 0.704898 0.00110037
2.86 0.700262 0.00169477
2.865 0.704353 0.00124166
2.87 0.697798 0.000996417
2.875 0.69743 0.000920997
2.88 0.697954 0.00171166
2.885 0.693323 0.00092881
2.89 0.690583 0.00106435
2.895 0.689377 0.00128717
2.9 0.686854 0.00116094
2.905 0.686528 0.000896508
2.91 0.683191 0.00103598
2.915 0.681198 0.00111756
2.92 0.677352 0.00130078
2.925 0.675811 0.00101816
2.93 0.673324 0.00107298
2.935 0.674886 0.000902991
2.94 0.672816 0.00105872
2.945 0.669944 0.00131255
2.95 0.669107 0.00098338
2.955 0.66632 0.00095084
2.96 0.66436 0.00110616
2.965 0.661067 0.000758699
2.97 0.659554 0.00106025
2.975 0.657192 0.0011219
2.98 0.65594 0.0012521
2.985 0.652915 0.000997399
2.99 0.651979 0.00104688
2.995 0.653206 0.00082351
3 0.648452 0.00120202
3.005 0.647143 0.00135273
