0.3 0.00634595 0.00243899
0.305 0.00726002 0.00266827
0.31 0.00898983 0.00339923
0.315 0.0119994 0.00659787
0.32 0.0140667 0.00627315
0.325 0.0148642 0.00580677
0.33 0.0173214 0.00581137
0.335 0.0186133 0.00547485
0.34 0.0189674 0.00408545
0.345 0.0237977 0.00478032
0.35 0.0284096 0.00496352
0.355 0.032662 0.00501715
0.36 0.038143 0.00523159
0.365 0.0413812 0.00451789
0.37 0.0513089 0.00615525
0.375 0.0527368 0.0051744
0.38 0.0622565 0.00589547
0.385 0.0704361 0.00594682
0.39 0.0790395 0.006735
0.395 0.0864105 0.00647606
0.4 0.0953206 0.00643354
0.405 0.102995 0.00633402
0.41 0.117311 0.00741702
0.415 0.122991 0.00660868
0.42 0.127917 0.00609998
0.425 0.136077 0.00578346
0.43 0.149706 0.00672997
0.435 0.162064 0.00562833
0.44 0.17673 0.00683691
0.445 0.199037 0.00650767
0.45 0.212179 0.00591439
0.455 0.22351 0.00583464
0.46 0.239184 0.00537983
0.465 0.246763 0.0041275
0.47 0.260205 0.00569164
0.475 0.276113 0.00521865
0.48 0.290365 0.00537305
0.485 0.300991 0.0057576
0.49 0.314386 0.00546788
0.495 0.32508 0.0051219
0.5 0.331165 0.00403812
0.505 0.338671 0.00426228
0.51 0.348908 0.00355628
0.515 0.356885 0.00384675
0.52 0.357528 0.00261998
0.525 0.365182 0.00324411
0.53 0.374563 0.00293597
0.535 0.383137 0.00240828
0.54 0.391138 0.00207202
0.545 0.393598 0.00185865
0.55 0.396159 0.00255543
0.555 0.400385 0.00220278
0.56 0.403268 0.00201634
0.565 0.406864 0.00207213
0.57 0.410989 0.00223614
0.575 0.41437 0.00168421
0.58 0.414071 0.00246612
0.585 0.419137 0.0027206
0.59 0.420897 0.00202607
0.595 0.422831 0.00257315
0.6 0.425576 0.00215686
0.605 0.425969 0.00281788
0.61 0.425142 0.0024006
0.615 0.422317 0.00250972
0.62 0.424351 0.00216669
0.625 0.427646 0.00254724
0.63 0.427087 0.00273792
0.635 0.426029 0.00289826
0.64 0.430665 0.00243547
0.645 0.428657 0.00231317
0.65 0.431172 0.00173127
0.655 0.430259 0.00188951
0.66 0.434795 0.002735
0.665 0.432617 0.00180832
0.67 0.429378 0.00296444
0.675 0.427989 0.00236374
0.68 0.431631 0.00266033
0.685 0.432427 0.0028302
0.69 0.434788 0.00289139
0.695 0.432582 0.00246189
0.7 0.435219 0.00179282
0.705 0.43155 0.00276579
0.71 0.430051 0.00264209
0.715 0.432945 0.00234009
0.72 0.433994 0.00178015
0.725 0.432809 0.00205369
0.73 0.43443 0.00205844
0.735 0.432428 0.00188096
0.74 0.436122 0.00215367
0.745 0.435012 0.00192429
0.75 0.436288 0.00203316
0.755 0.436296 0.00178952
0.76 0.436336 0.00166536
0.765 0.437464 0.00166361
0.77 0.440482 0.00141916
0.775 0.438318 0.00159622
0.78 0.440656 0.00128272
0.785 0.442154 0.00155011
0.79 0.440721 0.00182955
0.795 0.440459 0.00198349
0.8 0.439914 0.00174468
0.805 0.440202 0.00171639
0.81 0.439713 0.00179393
0.815 0.439313 0.00144731
0.82 0.442655 0.00165437
0.825 0.439702 0.00131393
0.83 0.441042 0.00102813
0.835 0.43915 0.00120031
0.84 0.439666 0.00140093
0.845 0.438477 0.00107389
0.85 0.43901 0.00101171
0.855 0.439976 0.00136327
0.86 0.440483 0.00140033
0.865 0.442797 0.00127942
0.87 0.436247 0.00132542
0.875 0.439535 0.00123098
0.88 0.438403 0.000924217
0.885 0.439434 0.00104733
0.89 0.435382 0.00102044
0.895 0.434883 0.00115355
0.9 0.435396 0.00114096
0.905 0.434268 0.00105786
0.91 0.432301 0.00137211
0.915 0.434394 0.00122791
0.92 0.43377 0.00103633
0.925 0.43148 0.00133044
0.93 0.433431 0.0011518
0.935 0.430383 0.00109766
0.94 0.431786 0.00108596
0.945 0.42758 0.00104427
0.95 0.427919 0.00123028
0.955 0.428165 0.000859344
0.96 0.426284 0.00100401
0.965 0.426262 0.00116331
0.97 0.425181 0.0015584
0.975 0.425144 0.000976459
0.98 0.425218 0.00122814
0.985 0.422523 0.00104269
0.99 0.420888 0.000845667
0.995 0.42128 0.000876317
1 0.421184 0.000990205
1.005 0.41962 0.000650633
1.01 0.41867 0.00092996
1.015 0.416082 0.000873673
1.02 0.414477 0.00117411
1.025 0.414354 0.00107838
1.03 0.412915 0.00107288
1.035 0.411547 0.000936026
1.04 0.412485 0.00107556
1.045 0.409911 0.0010055
1.05 0.409996 0.00122116
1.055 0.408799 0.000823148
1.06 0.40592 0.000691786
1.065 0.404972 0.000862324
1.07 0.403246 0.000743336
1.075 0.40373 0.000655938
1.08 0.402495 0.000878133
1.085 0.400142 0.000591622
1.09 0.400145 0.000905549
1.095 0.397004 0.000826918
1.1 0.396141 0.000997671
1.105 0.396639 0.000801909
1.11 0.3945 0.000803166
1.115 0.393654 0.00103643
1.12 0.391534 0.000606988
1.125 0.391478 0.000813064
1.13 0.390674 0.0007704
1.135 0.389065 0.000791928
1.14 0.387977 0.000865647
1.145 0.385288 0.000940923
1.15 0.385068 0.000662657
1.155 0.382651 0.00071902
1.16 0.379528 0.000686343
1.165 0.380624 0.000862677
1.17 0.379517 0.000947009
1.175 0.378031 0.000756541
1.18 0.376994 0.000782063
1.185 0.374988 0.000841687
1.19 0.373143 0.000664985
1.195 0.372325 0.00104099
1.2 0.371387 0.000686265
1.205 0.370313 0.000615289
1.21 0.369143 0.000649549
1.215 0.367341 0.000795597
1.22 0.365994 0.000837581
1.225 0.364115 0.000572617
1.23 0.363528 0.000832926
1.235 0.360323 0.000709546
1.24 0.359434 0.000543371
1.245 0.357618 0.000569537
1.25 0.357073 0.000660742
1.255 0.356258 0.000630118
1.26 0.355796 0.000563821
1.265 0.354538 0.000695013
1.27 0.351707 0.000417828
1.275 0.351927 0.000659062
1.28 0.348723 0.000527297
1.285 0.348562 0.000646843
1.29 0.347452 0.000361145
1.295 0.345845 0.000461064
1.3 0.344427 0.000793701
1.305 0.343378 0.000576972
1.31 0.342407 0.000501705
1.315 0.340409 0.000562682
1.32 0.338639 0.00066468
1.325 0.338343 0.000723413
1.33 0.336128 0.000725092
1.335 0.334028 0.000511726
1.34 0.334485 0.000495663
1.345 0.331922 0.000593204
1.35 0.331243 0.000683745
1.355 0.329823 0.000662465
1.36 0.329327 0.000648569
1.365 0.326637 0.000653284
1.37 0.326662 0.00045947
1.375 0.324403 0.00046106
1.38 0.322693 0.000621636
1.385 0.321733 0.00047794
1.39 0.32137 0.000508062
1.395 0.318967 0.000464999
1.4 0.318161 0.000452434
1.405 0.31579 0.000475814
1.41 0.316206 0.000511655
1.415 0.314177 0.000528696
1.42 0.313796 0.000565475
1.425 0.311841 0.000589192
1.43 0.311013 0.000664887
1.435 0.309011 0.000598345
1.44 0.308472 0.000422744
1.445 0.306398 0.000472674
1.45 0.305878 0.000572684
1.455 0.305174 0.000436912
1.46 0.303137 0.000396595
1.465 0.301665 0.00061743
1.47 0.30176 0.000419517
1.475 0.300074 0.000436649
1.48 0.29823 0.000460736
1.485 0.297127 0.000562719
1.49 0.295129 0.00034624
1.495 0.294213 0.000508403
1.5 0.293608 0.000372547
1.505 0.292774 0.000356258
1.51 0.291039 0.000530194
1.515 0.290414 0.000529405
1.52 0.288487 0.000447081
1.525 0.287602 0.000457279
1.53 0.285904 0.000586724
1.535 0.285076 0.000549828
1.54 0.284469 0.000503799
1.545 0.282813 0.000503463
1.55 0.28192 0.000505913
1.555 0.280424 0.000383862
1.56 0.2793 0.000384382
1.565 0.278923 0.00045377
1.57 0.277874 0.000521979
1.575 0.275896 0.000371698
1.58 0.275696 0.000379729
1.585 0.273864 0.000463066
1.59 0.273214 0.000524667
1.595 0.272176 0.000467329
1.6 0.27105 0.000304857
1.605 0.269827 0.000487326
1.61 0.268568 0.00040968
1.615 0.266512 0.000416703
1.62 0.266281 0.000461911
1.625 0.265153 0.000468488
1.63 0.263604 0.000507804
1.635 0.262482 0.000548206
1.64 0.262329 0.00039571
1.645 0.261253 0.000329349
1.65 0.259749 0.00034089
1.655 0.258524 0.000552702
1.66 0.257923 0.000296766
1.665 0.256815 0.000419515
1.67 0.255839 0.000400377
1.675 0.254258 0.00037419
1.68 0.253212 0.000290756
1.685 0.25233 0.000436391
1.69 0.251895 0.000382113
1.695 0.250242 0.000345687
1.7 0.248945 0.000290863
1.705 0.248431 0.000404771
1.71 0.247274 0.000376128
1.715 0.246886 0.000321188
1.72 0.245669 0.000403451
1.725 0.244314 0.00031376
1.73 0.242726 0.000360048
1.735 0.242211 0.000371623
1.74 0.242151 0.000356285
1.745 0.240374 0.000244339
1.75 0.239586 0.000349275
1.755 0.238528 0.000334168
1.76 0.237302 0.000298792
1.765 0.236675 0.000459609
1.77 0.235359 0.000331611
1.775 0.234604 0.000393998
1.78 0.233852 0.000378061
1.785 0.23301 0.000378464
1.79 0.231645 0.000395913
1.795 0.230548 0.000359987
1.8 0.229599 0.000243653
1.805 0.228627 0.000342778
1.81 0.228188 0.000366796
1.815 0.227162 0.000359206
1.82 0.225994 0.000257686
1.825 0.225389 0.000330001
1.83 0.22468 0.000349722
1.835 0.223771 0.000242934
1.84 0.222492 0.000329662
1.845 0.222129 0.000355694
1.85 0.221298 0.000448143
1.855 0.219807 0.000348829
1.86 0.22017 0.000372164
1.865 0.218274 0.000385396
1.87 0.217465 0.000382237
1.875 0.216322 0.000376427
1.88 0.216162 0.000475272
1.885 0.215365 0.000335458
1.89 0.214566 0.000338541
1.895 0.213406 0.000369982
1.9 0.212818 0.000270058
1.905 0.211192 0.000281291
1.91 0.210698 0.000305285
1.915 0.21001 0.000271105
1.92 0.209028 0.000244763
1.925 0.208711 0.000312959
1.93 0.207189 0.000249624
1.935 0.207131 0.000326649
1.94 0.205517 0.000281129
1.945 0.205129 0.000309738
1.95 0.204276 0.000400291
1.955 0.203903 0.000261918
1.96 0.202687 0.000255647
1.965 0.202216 0.000390609
1.97 0.201394 0.000242713
1.975 0.200068 0.000220112
1.98 0.199248 0.000348204
1.985 0.198942 0.000312158
1.99 0.198083 0.000261637
1.995 0.197636 0.000175942
2 0.196842 0.000345783
2.005 0.195583 0.000260213
2.01 0.194858 0.000248212
2.015 0.194151 0.000269393
2.02 0.193997 0.000287952
2.025 0.193318 0.000230441
2.03 0.192244 0.000244567
2.035 0.191481 0.000261293
2.04 0.191124 0.000317381
2.045 0.189652 0.000284051
2.05 0.189005 0.000238295
2.055 0.188321 0.000314842
2.06 0.188201 0.0003054
2.065 0.187152 0.000224253
2.07 0.186528 0.000318796
2.075 0.185621 0.000303617
2.08 0.185005 0.000333361
2.085 0.184377 0.000263534
2.09 0.183327 0.000282122
2.095 0.183002 0.000285681
2.1 0.182207 0.000216102
2.105 0.181503 0.000304482
2.11 0.180862 0.000255938
2.115 0.179958 0.00021156
2.12 0.179735 0.000271741
2.125 0.178892 0.000197441
2.13 0.17824 0.000256457
2.135 0.177318 0.00019045
2.14 0.176587 0.000282224
2.145 0.176355 0.000255405
2.15 0.175776 0.0003067
2.155 0.175123 0.000249802
2.16 0.174156 0.000240605
2.165 0.173631 0.000301281
2.17 0.173123 0.000222527
2.175 0.172706 0.000187326
2.18 0.171703 0.000226495
2.185 0.171391 0.000298198
2.19 0.170389 0.000189781
2.195 0.169752 0.000249407
2.2 0.169147 0.000307738
2.205 0.167992 0.000220588
2.21 0.167776 0.000283676
2.215 0.167575 0.000234641
2.22 0.167043 0.000267976
2.225 0.165983 0.000230763
2.23 0.165679 0.000174941
2.235 0.16461 0.000211716
2.24 0.1644 0.000195033
2.245 0.163544 0.000196612
2.25 0.163326 0.000280186
2.255 0.162447 0.000231918
2.26 0.161751 0.000254605
2.265 0.161197 0.000251302
2.27 0.160832 0.000208834
2.275 0.160633 0.000146084
2.28 0.159697 0.000207548
2.285 0.158982 0.000232542
2.29 0.158371 0.000210327
2.295 0.157914 0.000223736
2.3 0.157518 0.000196056
2.305 0.156775 0.000192939
2.31 0.156201 0.000197738
2.315 0.155805 0.000250062
2.32 0.155092 0.000275429
2.325 0.1548 0.000211314
2.33 0.153925 0.000208342
2.335 0.154109 0.000183306
2.34 0.153147 0.000263558
2.345 0.152081 0.000212079
2.35 0.151636 0.000243751
2.355 0.151503 0.000213685
2.36 0.150879 0.0001913
2.365 0.150092 0.000232687
2.37 0.149341 0.000201624
2.375 0.149525 0.000201985
2.38 0.148933 0.000230976
2.385 0.148058 0.000172172
2.39 0.147539 0.000221717
2.395 0.146912 0.000195712
2.4 0.146454 0.000275956
2.405 0.145911 0.000268106
2.41 0.14541 0.000194697
2.415 0.145114 0.000129031
2.42 0.144389 0.000225702
2.425 0.144154 0.000255852
2.43 0.143224 0.000228194
2.435 0.143185 0.000237713
2.44 0.14264 0.000139079
2.445 0.141821 0.000181692
2.45 0.141696 0.000232769
2.455 0.141 0.000205095
2.46 0.140939 0.000217839
2.465 0.140016 0.000205988
2.47 0.139545 0.000202232
2.475 0.139246 0.000145939
2.48 0.138685 0.000239235
2.485 0.138212 0.000203151
2.49 0.137723 0.000227724
2.495 0.137426 0.000171303
2.5 0.136998 0.000271637
2.505 0.136387 0.000141698
2.51 0.135926 0.000214168
2.515 0.135412 0.000175412
2.52 0.135315 0.000196988
2.525 0.1344 0.000211172
2.53 0.13421 0.000219684
2.535 0.133766 0.000165037
2.54 0.133199 0.000202716
2.545 0.132624 0.000201987
2.55 0.132471 0.000158306
2.555 0.131502 0.00018342
2.56 0.131107 0.000246462
2.565 0.131391 0.00017081
2.57 0.130831 0.000185326
2.575 0.129723 0.000154756
2.58 0.129833 0.000160531
2.585 0.129221 0.000161239
2.59 0.128699 0.000195437
2.595 0.128584 0.000197198
2.6 0.128096 0.000205565
2.605 0.127499 0.000180516
2.61 0.127192 0.000121104
2.615 0.126523 0.000186185
2.62 0.126359 0.000191729
2.625 0.125911 0.000122866
2.63 0.125482 0.00024537
2.635 0.124993 0.000191106
2.64 0.124756 0.000165611
2.645 0.124168 0.000198205
2.65 0.123889 0.000143622
2.655 0.123819 0.000158425
2.66 0.123034 0.000167813
2.665 0.122746 0.000172508
2.67 0.122306 0.000182192
2.675 0.121886 0.000168228
2.68 0.121557 0.000178034
2.685 0.120873 0.000153557
2.69 0.120589 0.000178453
2.695 0.120139 0.000163145
2.7 0.119932 0.000140385
2.705 0.119627 0.000179051
2.71 0.119391 0.000158345
2.715 0.118628 0.00017057
2.72 0.118629 0.000163459
2.725 0.11805 0.000124352
2.73 0.117934 0.000227645
2.735 0.117314 0.000121103
2.74 0.116891 0.000144565
2.745 0.116614 0.000182358
2.75 0.116303 0.000128614
2.755 0.115674 0.000126466
2.76 0.115548 0.000160426
2.765 0.115021 0.000143461
2.77 0.114839 0.000193135
2.775 0.114104 0.000174022
2.78 0.114117 0.00010748
2.785 0.113705 0.000188771
2.79 0.113341 0.000169188
2.795 0.112712 0.000168236
2.8 0.1125 0.000148453
2.805 0.11258 0.000157098
2.81 0.11201 0.00016002
2.815 0.111247 0.00015331
2.82 0.110956 0.000101946
2.825 0.110948 0.000137834
2.83 0.110466 0.000173499
2.835 0.110123 0.000154483
2.84 0.109452 0.000132915
2.845 0.109196 0.000144274
2.85 0.109018 0.000124436
2.855 0.108806 0.000163188
2.86 0.108414 0.000207921
2.865 0.108356 0.000203577
2.87 0.107857 0.000137473
2.875 0.107667 0.000139579
2.88 0.107136 0.000119264
2.885 0.107047 0.000178103
2.89 0.106307 0.000146717
2.895 0.105951 0.00016747
2.9 0.10585 0.000126174
2.905 0.105409 0.000162762
2.91 0.105259 0.000119698
2.915 0.104901 0.000177526
2.92 0.104456 0.000119067
2.925 0.104397 0.000147332
2.93 0.103927 0.00017084
2.935 0.103461 0.000136904
2.94 0.1032 0.000164566
2.945 0.102705 0.000151385
2.95 0.102548 0.000139459
2.955 0.102399 0.000125296
2.96 0.101992 0.0001261
2.965 0.102019 0.000174559
2.97 0.101579 0.000155542
2.975 0.100896 0.0001563
2.98 0.100748 0.000148949
2.985 0.100272 0.000129495
2.99 0.0999682 0.000105955
2.995 0.0999171 0.000128105
3 0.0995221 0.00014013
3.005 0.0992678 0.000147439
