0.3 -0.999865 5.1658e-05
0.305 -0.99984 5.79458e-05
0.31 -0.999792 7.89791e-05
0.315 -0.999704 0.000167421
0.32 -0.999642 0.000164534
0.325 -0.99961 0.000155766
0.33 -0.99953 0.000159776
0.335 -0.999479 0.000155778
0.34 -0.999455 0.000116858
0.345 -0.99929 0.000144912
0.35 -0.999124 0.000156513
0.355 -0.998965 0.000159333
0.36 -0.998751 0.000172042
0.365 -0.998607 0.000152412
0.37 -0.998207 0.000221342
0.375 -0.998119 0.000185661
0.38 -0.997715 0.00021671
0.385 -0.997336 0.000225282
0.39 -0.996912 0.000264054
0.395 -0.996525 0.000266851
0.4 -0.996062 0.000273806
0.405 -0.995627 0.000267189
0.41 -0.99485 0.000336979
0.415 -0.994478 0.000302945
0.42 -0.994062 0.000298706
0.425 -0.993515 0.000291576
0.43 -0.992625 0.000354181
0.435 -0.991757 0.000310027
0.44 -0.990659 0.00040981
0.445 -0.989063 0.000418141
0.45 -0.988001 0.000371494
0.455 -0.987046 0.000385732
0.46 -0.985646 0.000386563
0.465 -0.984809 0.000296412
0.47 -0.983418 0.00044178
0.475 -0.98176 0.000404306
0.48 -0.979954 0.000442025
0.485 -0.978423 0.000515412
0.49 -0.976528 0.000548743
0.495 -0.974858 0.000543274
0.5 -0.973805 0.000519663
0.505 -0.972344 0.00046809
0.51 -0.970282 0.000430555
0.515 -0.968468 0.000497168
0.52 -0.967428 0.000463591
0.525 -0.965623 0.000569037
0.53 -0.96352 0.000557231
0.535 -0.961671 0.000446793
0.54 -0.959399 0.000472394
0.545 -0.957695 0.000490167
0.55 -0.955606 0.000508066
0.555 -0.95365 0.000553683
0.56 -0.9521 0.000443283
0.565 -0.949594 0.000409525
0.57 -0.947407 0.00050452
0.575 -0.945292 0.000539472
0.58 -0.943675 0.000546353
0.585 -0.941766 0.000506394
0.59 -0.939138 0.000502452
0.595 -0.937294 0.000331389
0.6 -0.935425 0.000359175
0.605 -0.932773 0.000348146
0.61 -0.930798 0.000468128
0.615 -0.928402 0.000413601
0.62 -0.926156 0.000384024
0.625 -0.924142 0.000378048
0.63 -0.921391 0.000433247
0.635 -0.919368 0.000407206
0.64 -0.917284 0.000359045
0.645 -0.914983 0.000398786
0.65 -0.913132 0.000459518
0.655 -0.911372 0.000326584
0.66 -0.909102 0.000432965
0.665 -0.907787 0.000365833
0.67 -0.904627 0.000356873
0.675 -0.902699 0.000378325
0.68 -0.900909 0.000422899
0.685 -0.898767 0.000341323
0.69 -0.896911 0.000311203
0.695 -0.894228 0.000309184
0.7 -0.892199 0.000247473
0.705 -0.889869 0.000385635
0.71 -0.886945 0.000345904
0.715 -0.885159 0.000282328
0.72 -0.883147 0.000305301
0.725 -0.880544 0.000306037
0.73 -0.878845 0.000279442
0.735 -0.876615 0.000338325
0.74 -0.874606 0.000327676
0.745 -0.872244 0.000288854
0.75 -0.869872 0.000300088
0.755 -0.868983 0.000288252
0.76 -0.865831 0.000274858
0.765 -0.863728 0.0002358
0.77 -0.861271 0.000286808
0.775 -0.858784 0.000235211
0.78 -0.857259 0.000318252
0.785 -0.855472 0.000276911
0.79 -0.852602 0.000241853
0.795 -0.850481 0.000283211
0.8 -0.848581 0.000380105
0.805 -0.846334 0.000269698
0.81 -0.84356 0.00029182
0.815 -0.841482 0.000248224
0.82 -0.839565 0.000255324
0.825 -0.837205 0.000304214
0.83 -0.834975 0.000256541
0.835 -0.832419 0.000305388
0.84 -0.830626 0.000242391
0.845 -0.828235 0.000256095
0.85 -0.825863 0.000329567
0.855 -0.824158 0.000270751
0.86 -0.822274 0.000207131
0.865 -0.81971 0.000307323
0.87 -0.817101 0.00021273
0.875 -0.81517 0.000211652
0.88 -0.813033 0.00031658
0.885 -0.811346 0.000199801
0.89 -0.808855 0.000283895
0.895 -0.806671 0.000285318
0.9 -0.804218 0.000224822
0.905 -0.802739 0.000236805
0.91 -0.799872 0.000267648
0.915 -0.797784 0.000314939
0.92 -0.796095 0.000251078
0.925 -0.793456 0.000350472
0.93 -0.791328 0.000228262
0.935 -0.789331 0.000276524
0.94 -0.786822 0.000284158
0.945 -0.784898 0.000236602
0.95 -0.782969 0.000257587
0.955 -0.780613 0.000242114
0.96 -0.778121 0.000251122
0.965 -0.776296 0.000195911
0.97 -0.774273 0.000264461
0.975 -0.771725 0.000235146
0.98 -0.770384 0.000286103
0.985 -0.768232 0.000177607
0.99 -0.765535 0.000231744
0.995 -0.763758 0.000192774
1 -0.761416 0.000237235
1.005 -0.75951 0.000262681
1.01 -0.757575 0.000235424
1.015 -0.755274 0.000195896
1.02 -0.753007 0.000238332
1.025 -0.751194 0.000223322
1.03 -0.749279 0.000212729
1.035 -0.747047 0.000175057
1.04 -0.745243 0.000251761
1.045 -0.74286 0.000167422
1.05 -0.740766 0.000227289
1.055 -0.739254 0.000252422
1.06 -0.73709 0.000213209
1.065 -0.7354 0.000209969
1.07 -0.732958 0.000277463
1.075 -0.730678 0.000213398
1.08 -0.728711 0.000252904
1.085 -0.726852 0.000228301
1.09 -0.724421 0.000296638
1.095 -0.722862 0.00019205
1.1 -0.72079 0.000180353
1.105 -0.718908 0.000211366
1.11 -0.717475 0.000205693
1.115 -0.714655 0.000202955
1.12 -0.713162 0.000209056
1.125 -0.71114 0.000187527
1.13 -0.70891 0.000188945
1.135 -0.707285 0.00020718
1.14 -0.704968 0.000216966
1.145 -0.703505 0.000203036
1.15 -0.701349 0.000234689
1.155 -0.699682 0.000141495
1.16 -0.697834 0.00023216
1.165 -0.695896 0.00023081
1.17 -0.693926 0.000234506
1.175 -0.692023 0.000213306
1.18 -0.690222 0.00019413
1.185 -0.68814 0.000192215
1.19 -0.686247 0.000227026
1.195 -0.684337 0.000173291
1.2 -0.682225 0.000200288
1.205 -0.680571 0.000172812
1.21 -0.678732 0.000158152
1.215 -0.677121 0.000129134
1.22 -0.675275 0.000156759
1.225 -0.672934 0.000204255
1.23 -0.671541 0.000190003
1.235 -0.669637 0.000188993
1.24 -0.667914 0.000161609
1.245 -0.666189 0.000182093
1.25 -0.664109 0.000182815
1.255 -0.662475 0.000126563
1.26 -0.660705 0.000241721
1.265 -0.659009 0.000245914
1.27 -0.657418 0.00021235
1.275 -0.655428 0.000223327
1.28 -0.653354 0.000200829
1.285 -0.652171 0.000143529
1.29 -0.65019 0.000183986
1.295 -0.648209 0.000173735
1.3 -0.646577 0.000190481
1.305 -0.644729 0.000157855
1.31 -0.643026 0.000178198
1.315 -0.641535 0.000196321
1.32 -0.640009 0.000191188
1.325 -0.63813 0.000203988
1.33 -0.636795 0.000159696
1.335 -0.634381 0.000196275
1.34 -0.633381 0.000271746
1.345 -0.631225 0.000195204
1.35 -0.629954 0.000172723
1.355 -0.628317 0.000186224
1.36 -0.626442 0.000184385
1.365 -0.624674 0.00018393
1.37 -0.622947 0.000234672
1.375 -0.621854 0.000208372
1.38 -0.619757 0.000193839
1.385 -0.618009 0.000202391
1.39 -0.616601 0.000187762
1.395 -0.614947 0.000182861
1.4 -0.613783 0.00014895
1.405 -0.611626 0.000218226
1.41 -0.610335 0.000210244
1.415 -0.608642 0.000152551
1.42 -0.607168 0.000164861
1.425 -0.605751 0.000180058
1.43 -0.604226 0.000163672
1.435 -0.602414 0.000205855
1.44 -0.600938 0.000159244
1.445 -0.599205 0.000193804
1.45 -0.598121 0.000207921
1.455 -0.59639 0.000147708
1.46 -0.594825 0.000174577
1.465 -0.593082 0.00018577
1.47 -0.591883 0.000128959
1.475 -0.590237 0.000194166
1.48 -0.589012 0.000204763
1.485 -0.587111 0.000215354
1.49 -0.585957 0.000216382
1.495 -0.584612 0.000216739
1.5 -0.582959 0.000152888
1.505 -0.581453 0.000147557
1.51 -0.58018 0.000170681
1.515 -0.578675 0.000226698
1.52 -0.576999 0.000170924
1.525 -0.575436 0.000186057
1.53 -0.574553 0.000123239
1.535 -0.572427 0.000237275
1.54 -0.571127 0.000161941
1.545 -0.569877 0.000242841
1.55 -0.568684 0.000192892
1.555 -0.567034 0.000187666
1.56 -0.565579 0.000144873
1.565 -0.564249 0.000166771
1.57 -0.562781 0.000118446
1.575 -0.561272 0.000204619
1.58 -0.559853 0.000198002
1.585 -0.558651 0.000182937
1.59 -0.557543 0.000203198
1.595 -0.556015 0.000156363
1.6 -0.554969 0.000191287
1.605 -0.55324 0.000137079
1.61 -0.552415 0.000213136
1.615 -0.550773 0.000158598
1.62 -0.549605 0.000172569
1.625 -0.547943 0.000139369
1.63 -0.546597 0.000183173
1.635 -0.545372 0.000219235
1.64 -0.544073 0.000153328
1.645 -0.542798 0.000135935
1.65 -0.541427 0.00018833
1.655 -0.540441 0.000173152
1.66 -0.538707 0.000150059
1.665 -0.537387 0.0002323
1.67 -0.536499 0.000179817
1.675 -0.535059 0.000180738
1.68 -0.533357 0.000201311
1.685 -0.532564 0.000162298
1.69 -0.531302 0.000203388
1.695 -0.529925 0.00018516
1.7 -0.528555 0.000213184
1.705 -0.527422 0.000165666
1.71 -0.525917 0.000203079
1.715 -0.524671 0.000218875
1.72 -0.523966 0.000149328
1.725 -0.522402 0.00016745
1.73 -0.52107 0.000184396
1.735 -0.520163 0.000240651
1.74 -0.518766 0.000136741
1.745 -0.517851 0.000221584
1.75 -0.516532 0.000224302
1.755 -0.515434 0.000157824
1.76 -0.514037 0.000161359
1.765 -0.512689 0.000123115
1.77 -0.511823 0.000110205
1.775 -0.510539 0.00016864
1.78 -0.509289 0.000176685
1.785 -0.508188 0.000182413
1.79 -0.507125 0.000134879
1.795 -0.505799 0.000169297
1.8 -0.504668 0.000183747
1.805 -0.503541 0.000190262
1.81 -0.502348 0.000242199
1.815 -0.501389 0.000150884
1.82 -0.500189 0.000193076
1.825 -0.498988 0.000136966
1.83 -0.497969 0.000167566
1.835 -0.496947 0.000210661
1.84 -0.495597 0.000147994
1.845 -0.494718 0.000156622
1.85 -0.493689 0.000155538
1.855 -0.492277 0.000180728
1.86 -0.491295 0.000146271
1.865 -0.490361 0.00012618
1.87 -0.489124 0.000179732
1.875 -0.48813 0.000170427
1.88 -0.486834 0.000125204
1.885 -0.485748 0.000172757
1.89 -0.484954 0.000220177
1.895 -0.483722 0.000160624
1.9 -0.4825 0.000190545
1.905 -0.481476 0.000139426
1.91 -0.480673 0.000152315
1.915 -0.479126 0.00019301
1.92 -0.478737 0.000178898
1.925 -0.477316 0.000209754
1.93 -0.476145 0.000176281
1.935 -0.475115 0.000128746
1.94 -0.474389 0.000165181
1.945 -0.473279 0.000209187
1.95 -0.472183 0.000179749
1.955 -0.471284 0.000186112
1.96 -0.470256 0.000158684
1.965 -0.46928 0.000190698
1.97 -0.468211 0.00015229
1.975 -0.467254 0.000109399
1.98 -0.466168 0.000161083
1.985 -0.465072 0.000172934
1.99 -0.464366 0.000174643
1.995 -0.462877 0.000214617
2 -0.4623 0.00022889
2.005 -0.461509 0.000145147
2.01 -0.460242 0.000186994
2.015 -0.45909 0.000141443
2.02 -0.458319 0.00018767
2.025 -0.457354 0.000163949
2.03 -0.456434 0.000123713
2.035 -0.455192 0.000135423
2.04 -0.454481 0.00014632
2.045 -0.453386 0.000148757
2.05 -0.452513 0.000162407
2.055 -0.451716 0.000156472
2.06 -0.45075 0.000178744
2.065 -0.449609 0.000179523
2.07 -0.448856 0.000168867
2.075 -0.447671 0.000150018
2.08 -0.446838 0.00011566
2.085 -0.445837 0.00018593
2.09 -0.444877 0.000166382
2.095 -0.444534 0.000175234
2.1 -0.443262 0.000212653
2.105 -0.442102 0.000164853
2.11 -0.441437 0.000159213
2.115 -0.440575 0.000134372
2.12 -0.439713 0.000167614
2.125 -0.438709 0.000234472
2.13 -0.43771 0.000199294
2.135 -0.437106 0.000182484
2.14 -0.435854 0.000148231
2.145 -0.435097 0.000164483
2.15 -0.434236 0.000158601
2.155 -0.4333 0.000157905
2.16 -0.432821 0.000197167
2.165 -0.431453 0.00015616
2.17 -0.430881 0.000127377
2.175 -0.429621 0.000126437
2.18 -0.428843 0.000198027
2.185 -0.428191 0.00017634
2.19 -0.427613 0.000169583
2.195 -0.426564 0.000135214
2.2 -0.425592 0.000116645
2.205 -0.424956 0.000157757
2.21 -0.424004 0.000168642
2.215 -0.423313 0.000134134
2.22 -0.422285 0.000204165
2.225 -0.421749 0.000163157
2.23 -0.420677 0.000184537
2.235 -0.420004 0.000191822
2.24 -0.419013 0.000182874
2.245 -0.418462 0.000190266
2.25 -0.417315 0.000161348
2.255 -0.416453 0.00014418
2.26 -0.41604 0.000152199
2.265 -0.414829 0.000165478
2.27 -0.414191 0.000172462
2.275 -0.413609 0.000106214
2.28 -0.412196 0.000159797
2.285 -0.411618 0.000179256
2.29 -0.411005 0.00018872
2.295 -0.410265 0.000190951
2.3 -0.409076 0.000181781
2.305 -0.408312 0.00016205
2.31 -0.407477 0.000178277
2.315 -0.406932 0.000213301
2.32 -0.406351 0.000197049
2.325 -0.405559 0.00021682
2.33 -0.404495 0.000180768
2.335 -0.404083 0.000117519
2.34 -0.403327 0.000187529
2.345 -0.402605 0.000194047
2.35 -0.401639 0.000161073
2.355 -0.401136 0.000150205
2.36 -0.400233 0.000113681
2.365 -0.399572 0.000152358
2.37 -0.398875 0.000147657
2.375 -0.39769 0.000153347
2.38 -0.396954 0.000111918
2.385 -0.396661 0.000194922
2.39 -0.395498 0.000190329
2.395 -0.395316 0.000165601
2.4 -0.394291 0.000165204
2.405 -0.393242 0.000183371
2.41 -0.392508 0.000163619
2.415 -0.392283 0.000163933
2.42 -0.39118 0.000150156
2.425 -0.390532 0.000113577
2.43 -0.389963 0.000162821
2.435 -0.388901 0.000167093
2.44 -0.388171 0.000192412
2.445 -0.387498 0.000140689
2.45 -0.386826 0.000201887
2.455 -0.38629 0.000163754
2.46 -0.385358 0.000199631
2.465 -0.384554 0.000117353
2.47 -0.384006 0.000134453
2.475 -0.383329 0.000182452
2.48 -0.382765 0.000179391
2.485 -0.382011 0.000147265
2.49 -0.381279 0.000181271
2.495 -0.380608 0.000128871
2.5 -0.380134 0.000153941
2.505 -0.379228 0.000162509
2.51 -0.378431 0.000158162
2.515 -0.37788 0.000146421
2.52 -0.37736 0.000172399
2.525 -0.376506 0.000129842
2.53 -0.375889 0.000125383
2.535 -0.375346 0.000159113
2.54 -0.374407 0.00014671
2.545 -0.373877 0.000168951
2.55 -0.373197 0.000152146
2.555 -0.372562 0.000153699
2.56 -0.372224 0.000191947
2.565 -0.371224 0.000198943
2.57 -0.370527 0.000156382
2.575 -0.370149 0.000152426
2.58 -0.369294 0.000153034
2.585 -0.368682 0.00017944
2.59 -0.368166 0.00017176
2.595 -0.367358 0.000184556
2.6 -0.366613 0.000175844
2.605 -0.366171 0.000155398
2.61 -0.365457 0.00012853
2.615 -0.364745 0.000148936
2.62 -0.364107 0.000168347
2.625 -0.363723 0.000132357
2.63 -0.363146 0.000133823
2.635 -0.362478 0.000195512
2.64 -0.361913 0.000137009
2.645 -0.361346 0.000150978
2.65 -0.360461 0.000160532
2.655 -0.35967 0.000138076
2.66 -0.35946 0.000173113
2.665 -0.358555 0.00018818
2.67 -0.357911 0.000104724
2.675 -0.357489 0.000155098
2.68 -0.356751 0.000133927
2.685 -0.356031 0.000182549
2.69 -0.355719 0.000122967
2.695 -0.354858 0.000163495
2.7 -0.354185 0.000116923
2.705 -0.353895 0.000123186
2.71 -0.353076 0.000173992
2.715 -0.352826 0.000158003
2.72 -0.351702 0.000134639
2.725 -0.351465 0.00017909
2.73 -0.350658 0.000170417
2.735 -0.350487 0.000100698
2.74 -0.349549 0.000150622
2.745 -0.349105 0.000170359
2.75 -0.348337 0.000122351
2.755 -0.347765 0.000203007
2.76 -0.347227 0.000132953
2.765 -0.346865 0.000147992
2.77 -0.34581 0.000103446
2.775 -0.34568 0.000206549
2.78 -0.345024 0.000147514
2.785 -0.34435 0.000156383
2.79 -0.343824 0.000163613
2.795 -0.343357 0.000143812
2.8 -0.342665 0.000139972
2.805 -0.34227 0.000176192
2.81 -0.341649 0.000135812
2.815 -0.340952 0.000174223
2.82 -0.340457 0.000164704
2.825 -0.339787 0.000162392
2.83 -0.339698 0.00016089
2.835 -0.338428 0.000131999
2.84 -0.338151 0.000136011
2.845 -0.337568 0.000176071
2.85 -0.337079 0.000134666
2.855 -0.336881 0.000146917
2.86 -0.335909 0.000144043
2.865 -0.335513 0.000165324
2.87 -0.33469 0.000150001
2.875 -0.334406 0.000201911
2.88 -0.333846 0.000148615
2.885 -0.333196 0.000150588
2.89 -0.332828 0.000157016
2.895 -0.332393 0.000141716
2.9 -0.331649 0.000124814
2.905 -0.331445 0.000151211
2.91 -0.33079 0.000148526
2.915 -0.330168 0.000125864
2.92 -0.329674 0.000139382
2.925 -0.329053 0.000169219
2.93 -0.328498 0.000142757
2.935 -0.328081 0.000159357
2.94 -0.327757 0.000141642
2.945 -0.32714 0.000123611
2.95 -0.326397 0.000161628
2.955 -0.32599 0.000165141
2.96 -0.32569 0.000118821
2.965 -0.325206 0.000145625
2.97 -0.324809 0.000148114
2.975 -0.32391 0.000133807
2.98 -0.323704 0.000196037
2.985 -0.322832 0.000173641
2.99 -0.322586 0.000114059
2.995 -0.322183 0.000164845
3 -0.321353 0.000121008
3.005 -0.320968 0.000117798
